
time,gFx,gFy,gFz,ax,ay,az,wx,wy,wz,
0.073625,0.0738,0.5662,0.8713,0.0000,0.0000,0.0000,0.0000,0.0000,0.0000,
0.073889,0.1080,0.5975,0.7734,0.0000,0.0000,0.0000,0.0000,0.0000,0.0000,
0.074122,0.1120,0.6555,0.6613,0.0000,0.0000,0.0000,0.0000,0.0000,0.0000,
0.092069,0.0704,0.6451,0.6049,0.0000,0.0000,0.0000,0.0000,0.0000,0.0000,
0.099699,0.1592,0.6029,0.6539,0.0000,0.0000,0.0000,0.0000,0.0000,0.0000,
0.100682,0.1592,0.6029,0.6539,-0.1676,-0.6350,-0.6887,0.0000,0.0000,0.0000,
0.116068,0.2270,0.5738,0.7418,-0.1676,-0.6350,-0.6887,0.0000,0.0000,0.0000,
0.117021,0.2270,0.5738,0.7418,-0.0825,-0.2085,-0.2696,0.0000,0.0000,0.0000,
0.136223,0.1070,0.6458,0.6919,-0.0825,-0.2085,-0.2696,0.0000,0.0000,0.0000,
0.137766,0.1070,0.6458,0.6919,-0.0531,-0.3202,-0.3431,0.0000,0.0000,0.0000,
0.141313,0.1070,0.6458,0.6919,-0.0531,-0.3202,-0.3431,-0.2831,0.0680,-0.2329,
0.149500,0.1070,0.6458,0.6919,-0.0531,-0.3202,-0.3431,-0.2659,0.0680,-0.1938,
0.156756,0.0230,0.6496,0.6539,-0.0531,-0.3202,-0.3431,-0.2659,0.0680,-0.1938,
0.158068,0.0230,0.6496,0.6539,-0.0192,-0.5432,-0.5468,-0.2659,0.0680,-0.1938,
0.159636,0.0230,0.6496,0.6539,-0.0192,-0.5432,-0.5468,-0.2910,0.0766,-0.1010,
0.169559,0.0230,0.6496,0.6539,-0.0192,-0.5432,-0.5468,-0.3264,0.0802,-0.0057,
0.176399,0.0712,0.6281,0.6567,-0.0192,-0.5432,-0.5468,-0.3264,0.0802,-0.0057,
0.177859,0.0712,0.6281,0.6567,-0.0683,-0.6022,-0.6296,-0.3264,0.0802,-0.0057,
0.179576,0.0712,0.6281,0.6567,-0.0683,-0.6022,-0.6296,-0.3649,0.0589,0.0817,
0.189801,0.0712,0.6281,0.6567,-0.0683,-0.6022,-0.6296,-0.3820,0.0344,0.1373,
0.196054,0.1769,0.6029,0.6618,-0.0683,-0.6022,-0.6296,-0.3820,0.0344,0.1373,
0.197294,0.1769,0.6029,0.6618,-0.1673,-0.5703,-0.6260,-0.3820,0.0344,0.1373,
0.199642,0.1769,0.6029,0.6618,-0.1673,-0.5703,-0.6260,-0.3631,0.0497,0.1232,
0.209885,0.1769,0.6029,0.6618,-0.1673,-0.5703,-0.6260,-0.3325,0.1633,0.0487,
0.216284,0.2471,0.6051,0.6474,-0.1673,-0.5703,-0.6260,-0.3325,0.1633,0.0487,
0.217607,0.2471,0.6051,0.6474,-0.2124,-0.5200,-0.5563,-0.3325,0.1633,0.0487,
0.219572,0.2471,0.6051,0.6474,-0.2124,-0.5200,-0.5563,-0.3252,0.3185,-0.0503,
0.229597,0.2471,0.6051,0.6474,-0.2124,-0.5200,-0.5563,-0.3484,0.3881,-0.1498,
0.236333,0.2393,0.6258,0.6738,-0.2124,-0.5200,-0.5563,-0.3484,0.3881,-0.1498,
0.237815,0.2393,0.6258,0.6738,-0.1246,-0.3258,-0.3508,-0.3484,0.3881,-0.1498,
0.241478,0.2393,0.6258,0.6738,-0.1246,-0.3258,-0.3508,-0.3704,0.3570,-0.2470,
0.249569,0.2393,0.6258,0.6738,-0.1246,-0.3258,-0.3508,-0.3484,0.2061,-0.3514,
0.256799,0.1417,0.6583,0.7026,-0.1246,-0.3258,-0.3508,-0.3484,0.2061,-0.3514,
0.258121,0.1417,0.6583,0.7026,-0.0392,-0.1822,-0.1945,-0.3484,0.2061,-0.3514,
0.259946,0.1417,0.6583,0.7026,-0.0392,-0.1822,-0.1945,-0.3050,0.1847,-0.3300,
0.269921,0.1417,0.6583,0.7026,-0.0392,-0.1822,-0.1945,-0.2433,0.2360,-0.2690,
0.276570,0.0978,0.6644,0.7451,-0.0392,-0.1822,-0.1945,-0.2433,0.2360,-0.2690,
0.277952,0.0978,0.6644,0.7451,0.0023,0.0157,0.0176,-0.2433,0.2360,-0.2690,
0.279571,0.0978,0.6644,0.7451,0.0023,0.0157,0.0176,-0.1780,0.2794,-0.1926,
0.289838,0.0978,0.6644,0.7451,0.0023,0.0157,0.0176,-0.1340,0.2653,-0.1138,
0.296170,0.0783,0.6573,0.7029,0.0023,0.0157,0.0176,-0.1340,0.2653,-0.1138,
0.297313,0.0783,0.6573,0.7029,-0.0279,-0.2347,-0.2509,-0.1340,0.2653,-0.1138,
0.299618,0.0783,0.6573,0.7029,-0.0279,-0.2347,-0.2509,-0.1279,0.2201,-0.0570,
0.309817,0.0783,0.6573,0.7029,-0.0279,-0.2347,-0.2509,-0.1499,0.1841,-0.0338,
0.316291,0.1815,0.6417,0.7023,-0.0279,-0.2347,-0.2509,-0.1499,0.1841,-0.0338,
0.317675,0.1815,0.6417,0.7023,-0.0592,-0.2094,-0.2292,-0.1499,0.1841,-0.0338,
0.319622,0.1815,0.6417,0.7023,-0.0592,-0.2094,-0.2292,-0.1951,0.1810,-0.0228,
0.329543,0.1815,0.6417,0.7023,-0.0592,-0.2094,-0.2292,-0.2293,0.1969,-0.0338,
0.336225,0.2538,0.6315,0.7745,-0.0592,-0.2094,-0.2292,-0.2293,0.1969,-0.0338,
0.337548,0.2538,0.6315,0.7745,0.0732,0.1822,0.2235,-0.2293,0.1969,-0.0338,
0.339689,0.2538,0.6315,0.7745,0.0732,0.1822,0.2235,-0.2232,0.2067,-0.0796,
0.349476,0.2538,0.6315,0.7745,0.0732,0.1822,0.2235,-0.1774,0.1975,-0.1327,
0.356982,0.2410,0.6407,0.8231,0.0732,0.1822,0.2235,-0.1774,0.1975,-0.1327,
0.358505,0.2410,0.6407,0.8231,0.1541,0.4096,0.5262,-0.1774,0.1975,-0.1327,
0.359984,0.2410,0.6407,0.8231,0.1541,0.4096,0.5262,-0.1053,0.1536,-0.1731,
0.369637,0.2410,0.6407,0.8231,0.1541,0.4096,0.5262,-0.0063,0.0906,-0.2097,
0.376531,0.2085,0.6556,0.8509,0.1541,0.4096,0.5262,-0.0063,0.0906,-0.2097,
0.377852,0.2085,0.6556,0.8509,0.1747,0.5493,0.7130,-0.0063,0.0906,-0.2097,
0.379623,0.2085,0.6556,0.8509,0.1747,0.5493,0.7130,0.1158,0.0595,-0.2500,
0.390165,0.2085,0.6556,0.8509,0.1747,0.5493,0.7130,0.2374,0.0766,-0.2855,
0.396075,0.1434,0.6922,0.8179,0.1747,0.5493,0.7130,0.2374,0.0766,-0.2855,
0.397390,0.1434,0.6922,0.8179,0.1046,0.5047,0.5963,0.2374,0.0766,-0.2855,
0.399642,0.1434,0.6922,0.8179,0.1046,0.5047,0.5963,0.3333,0.1242,-0.2836,
0.409873,0.1434,0.6922,0.8179,0.1046,0.5047,0.5963,0.3761,0.1951,-0.2335,
0.416138,0.1114,0.7037,0.7676,0.1046,0.5047,0.5963,0.3761,0.1951,-0.2335,
0.417041,0.1114,0.7037,0.7676,0.0486,0.3071,0.3350,0.3761,0.1951,-0.2335,
0.419637,0.1114,0.7037,0.7676,0.0486,0.3071,0.3350,0.3736,0.2372,-0.1657,
0.430052,0.1114,0.7037,0.7676,0.0486,0.3071,0.3350,0.2777,0.1536,-0.0509,
0.436456,0.1064,0.6833,0.7145,0.0486,0.3071,0.3350,0.2777,0.1536,-0.0509,
0.438453,0.1064,0.6833,0.7145,-0.0066,-0.0426,-0.0446,0.2777,0.1536,-0.0509,
0.440202,0.1064,0.6833,0.7145,-0.0066,-0.0426,-0.0446,0.1946,0.0894,-0.0313,
0.450032,0.1064,0.6833,0.7145,-0.0066,-0.0426,-0.0446,0.0810,0.1181,-0.0179,
0.458764,0.0862,0.6547,0.7035,-0.0066,-0.0426,-0.0446,0.0810,0.1181,-0.0179,
0.461261,0.0862,0.6547,0.7035,-0.0314,-0.2380,-0.2557,0.0810,0.1181,-0.0179,
0.463182,0.0862,0.6547,0.7035,-0.0314,-0.2380,-0.2557,-0.0650,0.2824,0.0249,
0.470202,0.0862,0.6547,0.7035,-0.0314,-0.2380,-0.2557,-0.2171,0.4834,0.0951,
0.476785,0.0602,0.6882,0.7130,-0.0314,-0.2380,-0.2557,-0.2171,0.4834,0.0951,
0.479436,0.0602,0.6882,0.7130,-0.0047,-0.0536,-0.0555,-0.2171,0.4834,0.0951,
0.481452,0.0602,0.6882,0.7130,-0.0047,-0.0536,-0.0555,-0.3557,0.5256,0.1703,
0.491964,0.0602,0.6882,0.7130,-0.0047,-0.0536,-0.0555,-0.4645,0.3875,0.2295,
0.496734,0.0867,0.7696,0.7657,-0.0047,-0.0536,-0.0555,-0.4645,0.3875,0.2295,
0.498781,0.0867,0.7696,0.7657,0.0689,0.6118,0.6087,-0.4645,0.3875,0.2295,
0.501105,0.0867,0.7696,0.7657,0.0689,0.6118,0.6087,-0.5366,0.1603,0.2625,
0.510136,0.0867,0.7696,0.7657,0.0689,0.6118,0.6087,-0.5909,-0.0254,0.2772,
0.516568,0.1688,0.8044,0.9925,0.0689,0.6118,0.6087,-0.5909,-0.0254,0.2772,
0.518167,0.1688,0.8044,0.9925,0.3697,1.7615,2.1734,-0.5909,-0.0254,0.2772,
0.520988,0.1688,0.8044,0.9925,0.3697,1.7615,2.1734,-0.5891,-0.0053,0.2637,
0.530439,0.1688,0.8044,0.9925,0.3697,1.7615,2.1734,-0.4999,0.1780,0.2344,
0.536671,0.1706,0.8090,1.0993,0.3697,1.7615,2.1734,-0.4999,0.1780,0.2344,
0.539882,0.1706,0.8090,1.0993,0.4557,2.1605,2.9355,-0.4999,0.1780,0.2344,
0.542231,0.1706,0.8090,1.0993,0.4557,2.1605,2.9355,-0.3350,0.3588,0.2148,
0.550508,0.1706,0.8090,1.0993,0.4557,2.1605,2.9355,-0.1316,0.4565,0.2142,
0.558499,0.1347,0.7898,1.0939,0.4557,2.1605,2.9355,-0.1316,0.4565,0.2142,
0.561650,0.1347,0.7898,1.0939,0.3460,2.0280,2.8087,-0.1316,0.4565,0.2142,
0.564010,0.1347,0.7898,1.0939,0.3460,2.0280,2.8087,0.0792,0.4712,0.2161,
0.569922,0.1347,0.7898,1.0939,0.3460,2.0280,2.8087,0.2600,0.3655,0.2081,
0.576691,0.0890,0.7576,0.9578,0.3460,2.0280,2.8087,0.2600,0.3655,0.2081,
0.579341,0.0890,0.7576,0.9578,0.1595,1.3568,1.7154,0.2600,0.3655,0.2081,
0.581099,0.0890,0.7576,0.9578,0.1595,1.3568,1.7154,0.3816,0.1676,0.1904,
0.591524,0.0890,0.7576,0.9578,0.1595,1.3568,1.7154,0.4353,-0.0297,0.1684,
0.596579,0.0697,0.7004,0.8228,0.1595,1.3568,1.7154,0.4353,-0.0297,0.1684,
0.598333,0.0697,0.7004,0.8228,0.0519,0.5207,0.6117,0.4353,-0.0297,0.1684,
0.600505,0.0697,0.7004,0.8228,0.0519,0.5207,0.6117,0.4176,-0.1177,0.1495,
0.610019,0.0697,0.7004,0.8228,0.0519,0.5207,0.6117,0.3492,0.2006,0.1055,
0.616323,0.0884,0.6558,0.8495,0.0519,0.5207,0.6117,0.3492,0.2006,0.1055,
0.618180,0.0884,0.6558,0.8495,0.0613,0.4544,0.5886,0.3492,0.2006,0.1055,
0.620579,0.0884,0.6558,0.8495,0.0613,0.4544,0.5886,0.1763,0.3936,0.0572,
0.629934,0.0884,0.6558,0.8495,0.0613,0.4544,0.5886,0.1110,0.4901,-0.0252,
0.636709,0.0640,0.6373,0.9427,0.0613,0.4544,0.5886,0.1110,0.4901,-0.0252,
0.638504,0.0640,0.6373,0.9427,0.0765,0.7616,1.1265,0.1110,0.4901,-0.0252,
0.640898,0.0640,0.6373,0.9427,0.0765,0.7616,1.1265,0.0737,0.4620,-0.1211,
0.649952,0.0640,0.6373,0.9427,0.0765,0.7616,1.1265,0.0609,0.3350,-0.2103,
0.657965,-0.0054,0.6121,0.9434,0.0765,0.7616,1.1265,0.0609,0.3350,-0.2103,
0.660274,-0.0054,0.6121,0.9434,-0.0058,0.6609,1.0186,0.0609,0.3350,-0.2103,
0.662329,-0.0054,0.6121,0.9434,-0.0058,0.6609,1.0186,0.0798,0.1896,-0.2769,
0.669889,-0.0054,0.6121,0.9434,-0.0058,0.6609,1.0186,0.1275,0.0497,-0.3007,
0.676292,-0.0520,0.5887,0.8121,-0.0058,0.6609,1.0186,0.1275,0.0497,-0.3007,
0.678158,-0.0520,0.5887,0.8121,-0.0019,0.0210,0.0290,0.1275,0.0497,-0.3007,
0.679837,-0.0520,0.5887,0.8121,-0.0019,0.0210,0.0290,0.1800,-0.0499,-0.2714,
0.691147,-0.0520,0.5887,0.8121,-0.0019,0.0210,0.0290,0.2087,-0.1262,-0.2005,
0.696711,-0.0600,0.5832,0.7049,-0.0019,0.0210,0.0290,0.2087,-0.1262,-0.2005,
0.698824,-0.0600,0.5832,0.7049,0.0537,-0.5225,-0.6316,0.2087,-0.1262,-0.2005,
0.700627,-0.0600,0.5832,0.7049,0.0537,-0.5225,-0.6316,0.2099,-0.1665,-0.1169,
0.710250,-0.0600,0.5832,0.7049,0.0537,-0.5225,-0.6316,0.1751,-0.1916,-0.0393,
0.720944,-0.0685,0.5691,0.5891,0.0537,-0.5225,-0.6316,0.1751,-0.1916,-0.0393,
0.723281,-0.0685,0.5691,0.5891,0.1460,-1.2124,-1.2551,0.1751,-0.1916,-0.0393,
0.725879,-0.0685,0.5691,0.5891,0.1460,-1.2124,-1.2551,0.0975,-0.2325,0.0304,
0.730894,-0.0685,0.5691,0.5891,0.1460,-1.2124,-1.2551,-0.0130,-0.2411,0.0945,
0.736359,-0.0417,0.5606,0.6727,0.1460,-1.2124,-1.2551,-0.0130,-0.2411,0.0945,
0.738542,-0.0417,0.5606,0.6727,0.0578,-0.7773,-0.9328,-0.0130,-0.2411,0.0945,
0.740824,-0.0417,0.5606,0.6727,0.0578,-0.7773,-0.9328,-0.1285,-0.1366,0.1538,
0.749875,-0.0417,0.5606,0.6727,0.0578,-0.7773,-0.9328,-0.2091,0.0289,0.1977,
0.757887,-0.0329,0.5582,0.7610,0.0578,-0.7773,-0.9328,-0.2091,0.0289,0.1977,
0.759990,-0.0329,0.5582,0.7610,0.0192,-0.3261,-0.4446,-0.2091,0.0289,0.1977,
0.761563,-0.0329,0.5582,0.7610,0.0192,-0.3261,-0.4446,-0.2159,0.1511,0.2075,
0.769737,-0.0329,0.5582,0.7610,0.0192,-0.3261,-0.4446,-0.1652,0.1762,0.1977,
0.779008,-0.0431,0.5424,0.6729,0.0192,-0.3261,-0.4446,-0.1652,0.1762,0.1977,
0.780149,-0.0431,0.5424,0.6729,0.0661,-0.8311,-1.0312,-0.1652,0.1762,0.1977,
0.781565,-0.0431,0.5424,0.6729,0.0661,-0.8311,-1.0312,-0.0986,0.0986,0.1855,
0.791381,-0.0431,0.5424,0.6729,0.0661,-0.8311,-1.0312,-0.0937,-0.0786,0.1892,
0.796215,-0.0652,0.5662,0.6414,0.0661,-0.8311,-1.0312,-0.0937,-0.0786,0.1892,
0.797703,-0.0652,0.5662,0.6414,0.1063,-0.9223,-1.0449,-0.0937,-0.0786,0.1892,
0.799623,-0.0652,0.5662,0.6414,0.1063,-0.9223,-1.0449,-0.1597,-0.0621,0.1935,
0.810372,-0.0652,0.5662,0.6414,0.1063,-0.9223,-1.0449,-0.2397,-0.0102,0.2002,
0.816052,-0.0491,0.5796,0.6874,0.1063,-0.9223,-1.0449,-0.2397,-0.0102,0.2002,
0.817339,-0.0491,0.5796,0.6874,0.0536,-0.6322,-0.7497,-0.2397,-0.0102,0.2002,
0.819546,-0.0491,0.5796,0.6874,0.0536,-0.6322,-0.7497,-0.3136,0.0711,0.2332,
0.829551,-0.0491,0.5796,0.6874,0.0536,-0.6322,-0.7497,-0.3881,0.1737,0.2894,
0.835981,-0.0318,0.5662,0.6955,0.0536,-0.6322,-0.7497,-0.3881,0.1737,0.2894,
0.837015,-0.0318,0.5662,0.6955,0.0358,-0.6385,-0.7844,-0.3881,0.1737,0.2894,
0.840339,-0.0318,0.5662,0.6955,0.0358,-0.6385,-0.7844,-0.4559,0.2806,0.3340,
0.849431,-0.0318,0.5662,0.6955,0.0358,-0.6385,-0.7844,-0.4938,0.3466,0.3334,
0.856858,0.0138,0.5518,0.7071,0.0358,-0.6385,-0.7844,-0.4938,0.3466,0.3334,
0.857906,0.0138,0.5518,0.7071,-0.0156,-0.6247,-0.8006,-0.4938,0.3466,0.3334,
0.859485,0.0138,0.5518,0.7071,-0.0156,-0.6247,-0.8006,-0.4901,0.3845,0.3040,
0.869243,0.0138,0.5518,0.7071,-0.0156,-0.6247,-0.8006,-0.4480,0.4077,0.2802,
0.875860,0.0082,0.5916,0.7884,-0.0156,-0.6247,-0.8006,-0.4480,0.4077,0.2802,
0.876889,0.0082,0.5916,0.7884,-0.0012,-0.0882,-0.1175,-0.4480,0.4077,0.2802,
0.879244,0.0082,0.5916,0.7884,-0.0012,-0.0882,-0.1175,-0.3887,0.3961,0.2814,
0.890535,0.0082,0.5916,0.7884,-0.0012,-0.0882,-0.1175,-0.3283,0.3167,0.2991,
0.895850,0.0170,0.5998,0.7556,-0.0012,-0.0882,-0.1175,-0.3283,0.3167,0.2991,
0.896814,0.0170,0.5998,0.7556,-0.0062,-0.2180,-0.2747,-0.3283,0.3167,0.2991,
0.899396,0.0170,0.5998,0.7556,-0.0062,-0.2180,-0.2747,-0.2769,0.1896,0.3193,
0.909375,0.0170,0.5998,0.7556,-0.0062,-0.2180,-0.2747,-0.2458,0.1175,0.3321,
0.916182,0.0364,0.6108,0.7258,-0.0062,-0.2180,-0.2747,-0.2458,0.1175,0.3321,
0.918329,0.0364,0.6108,0.7258,-0.0193,-0.3239,-0.3849,-0.2458,0.1175,0.3321,
0.920540,0.0364,0.6108,0.7258,-0.0193,-0.3239,-0.3849,-0.2421,0.1584,0.3340,
0.929275,0.0364,0.6108,0.7258,-0.0193,-0.3239,-0.3849,-0.2537,0.2763,0.3260,
0.935965,0.0445,0.6532,0.7791,-0.0193,-0.3239,-0.3849,-0.2537,0.2763,0.3260,
0.936861,0.0445,0.6532,0.7791,0.0073,0.1066,0.1272,-0.2537,0.2763,0.3260,
0.939855,0.0445,0.6532,0.7791,0.0073,0.1066,0.1272,-0.2476,0.4144,0.3077,
0.949258,0.0445,0.6532,0.7791,0.0073,0.1066,0.1272,-0.2146,0.4865,0.2894,
0.958100,0.0324,0.6604,0.7418,0.0073,0.1066,0.1272,-0.2146,0.4865,0.2894,
0.960115,0.0324,0.6604,0.7418,-0.0022,-0.0454,-0.0510,-0.2146,0.4865,0.2894,
0.961800,0.0324,0.6604,0.7418,-0.0022,-0.0454,-0.0510,-0.1798,0.4346,0.2778,
0.969870,0.0324,0.6604,0.7418,-0.0022,-0.0454,-0.0510,-0.1590,0.3350,0.2649,
0.976582,0.0231,0.6484,0.7505,-0.0022,-0.0454,-0.0510,-0.1590,0.3350,0.2649,
0.978765,0.0231,0.6484,0.7505,-0.0019,-0.0551,-0.0638,-0.1590,0.3350,0.2649,
0.980221,0.0231,0.6484,0.7505,-0.0019,-0.0551,-0.0638,-0.1713,0.3222,0.2045,
0.991483,0.0231,0.6484,0.7505,-0.0019,-0.0551,-0.0638,-0.1963,0.4071,0.1764,
0.996722,0.0044,0.6403,0.7405,-0.0019,-0.0551,-0.0638,-0.1963,0.4071,0.1764,
0.998389,0.0044,0.6403,0.7405,-0.0010,-0.1392,-0.1610,-0.1963,0.4071,0.1764,
1.000713,0.0044,0.6403,0.7405,-0.0010,-0.1392,-0.1610,-0.2140,0.4443,0.1794,
1.009951,0.0044,0.6403,0.7405,-0.0010,-0.1392,-0.1610,-0.2201,0.4010,0.2210,
1.016523,0.0198,0.6502,0.6678,-0.0010,-0.1392,-0.1610,-0.2201,0.4010,0.2210,
1.018189,0.0198,0.6502,0.6678,-0.0142,-0.4675,-0.4801,-0.2201,0.4010,0.2210,
1.020954,0.0198,0.6502,0.6678,-0.0142,-0.4675,-0.4801,-0.2336,0.2892,0.2784,
1.030253,0.0198,0.6502,0.6678,-0.0142,-0.4675,-0.4801,-0.2550,0.2098,0.3108,
1.036587,0.1383,0.7069,0.6861,-0.0142,-0.4675,-0.4801,-0.2550,0.2098,0.3108,
1.039497,0.1383,0.7069,0.6861,-0.0080,-0.0410,-0.0398,-0.2550,0.2098,0.3108,
1.041904,0.1383,0.7069,0.6861,-0.0080,-0.0410,-0.0398,-0.2580,0.2385,0.2723,
1.050252,0.1383,0.7069,0.6861,-0.0080,-0.0410,-0.0398,-0.2299,0.3448,0.1593,
1.059565,0.1178,0.6330,0.7288,-0.0080,-0.0410,-0.0398,-0.2299,0.3448,0.1593,
1.061947,0.1178,0.6330,0.7288,-0.0335,-0.1801,-0.2073,-0.2299,0.3448,0.1593,
1.064581,0.1178,0.6330,0.7288,-0.0335,-0.1801,-0.2073,-0.1914,0.4779,0.0127,
1.070185,0.1178,0.6330,0.7288,-0.0335,-0.1801,-0.2073,-0.1560,0.6630,-0.1211,
1.076736,0.0683,0.5850,0.7416,-0.0335,-0.1801,-0.2073,-0.1560,0.6630,-0.1211,
1.079475,0.0683,0.5850,0.7416,-0.0379,-0.3249,-0.4118,-0.1560,0.6630,-0.1211,
1.081477,0.0683,0.5850,0.7416,-0.0379,-0.3249,-0.4118,-0.1309,0.8774,-0.2464,
1.091772,0.0683,0.5850,0.7416,-0.0379,-0.3249,-0.4118,-0.0961,1.0980,-0.3752,
1.096553,0.0716,0.6127,0.7278,-0.0379,-0.3249,-0.4118,-0.0961,1.0980,-0.3752,
1.098483,0.0716,0.6127,0.7278,0.1819,-0.0402,-0.5722,-0.0961,1.0980,-0.3752,
1.100725,0.0716,0.6127,0.7278,0.1819,-0.0402,-0.5722,-0.0466,1.3325,-0.4919,
1.110012,0.0716,0.6127,0.7278,0.1819,-0.0402,-0.5722,0.0016,1.5408,-0.5958,
1.116682,0.0271,0.6544,0.6619,0.1819,-0.0402,-0.5722,0.0016,1.5408,-0.5958,
1.118614,0.0271,0.6544,0.6619,0.0273,0.3628,-1.2272,0.0016,1.5408,-0.5958,
1.120735,0.0271,0.6544,0.6619,0.0273,0.3628,-1.2272,0.0205,1.6569,-0.7033,
1.130002,0.0271,0.6544,0.6619,0.0273,0.3628,-1.2272,-0.0534,1.8414,-0.7876,
1.136673,-0.0558,0.6823,0.6188,0.0273,0.3628,-1.2272,-0.0534,1.8414,-0.7876,
1.138717,-0.0558,0.6823,0.6188,-0.4332,0.6261,-1.6441,-0.0534,1.8414,-0.7876,
1.140752,-0.0558,0.6823,0.6188,-0.4332,0.6261,-1.6441,-0.2317,2.2354,-0.8389,
1.150001,-0.0558,0.6823,0.6188,-0.4332,0.6261,-1.6441,-0.4675,2.6557,-0.8817,
1.159354,-0.0910,0.6812,0.6194,-0.4332,0.6261,-1.6441,-0.4675,2.6557,-0.8817,
1.161145,-0.0910,0.6812,0.6194,-0.3128,0.6515,-1.6456,-0.4675,2.6557,-0.8817,
1.163117,-0.0910,0.6812,0.6194,-0.3128,0.6515,-1.6456,-0.7119,2.9024,-0.9324,
1.170188,-0.0910,0.6812,0.6194,-0.3128,0.6515,-1.6456,-1.1187,2.9464,-0.8957,
1.176759,-0.2310,0.6937,0.7111,-0.3128,0.6515,-1.6456,-1.1187,2.9464,-0.8957,
1.179729,-0.2310,0.6937,0.7111,-1.1367,0.9013,-0.7857,-1.1187,2.9464,-0.8957,
1.182137,-0.2310,0.6937,0.7111,-1.1367,0.9013,-0.7857,-1.2012,2.8664,-0.7925,
1.192439,-0.2310,0.6937,0.7111,-1.1367,0.9013,-0.7857,-1.1682,2.7577,-0.6446,
1.196768,-0.3048,0.7187,0.7107,-1.1367,0.9013,-0.7857,-1.1682,2.7577,-0.6446,
1.198716,-0.3048,0.7187,0.7107,-1.3486,1.3114,-0.8216,-1.1682,2.7577,-0.6446,
1.201222,-0.3048,0.7187,0.7107,-1.3486,1.3114,-0.8216,-1.0509,2.5848,-0.4840,
1.210326,-0.3048,0.7187,0.7107,-1.3486,1.3114,-0.8216,-0.8664,2.4290,-0.3710,
1.216726,-0.2349,0.6942,0.6731,-1.3486,1.3114,-0.8216,-0.8664,2.4290,-0.3710,
1.219266,-0.2349,0.6942,0.6731,-0.2403,1.1859,-1.1735,-0.8664,2.4290,-0.3710,
1.221838,-0.2349,0.6942,0.6731,-0.2403,1.1859,-1.1735,-0.6630,2.3276,-0.3594,
1.230240,-0.2349,0.6942,0.6731,-0.2403,1.1859,-1.1735,-0.4907,2.2500,-0.4638,
1.236554,-0.3395,0.5435,0.6450,-0.2403,1.1859,-1.1735,-0.4907,2.2500,-0.4638,
1.239463,-0.3395,0.5435,0.6450,-0.8746,-0.2216,-1.3853,-0.4907,2.2500,-0.4638,
1.242092,-0.3395,0.5435,0.6450,-0.8746,-0.2216,-1.3853,-0.3961,2.2653,-0.5964,
1.250011,-0.3395,0.5435,0.6450,-0.8746,-0.2216,-1.3853,-0.3735,2.4144,-0.6507,
1.259696,-0.4295,0.4317,0.7316,-0.8746,-0.2216,-1.3853,-0.3735,2.4144,-0.6507,
1.261656,-0.4295,0.4317,0.7316,-1.3304,-1.2375,-0.4453,-0.3735,2.4144,-0.6507,
1.263641,-0.4295,0.4317,0.7316,-1.3304,-1.2375,-0.4453,-0.3368,2.5933,-0.6239,
1.269598,-0.4295,0.4317,0.7316,-1.3304,-1.2375,-0.4453,-0.2042,2.7045,-0.6251,
1.276374,-0.3966,0.3800,0.8117,-1.3304,-1.2375,-0.4453,-0.2042,2.7045,-0.6251,
1.278665,-0.3966,0.3800,0.8117,-0.5440,-1.6653,0.4749,-0.2042,2.7045,-0.6251,
1.280684,-0.3966,0.3800,0.8117,-0.5440,-1.6653,0.4749,0.0432,2.8499,-0.7021,
1.291699,-0.3966,0.3800,0.8117,-0.5440,-1.6653,0.4749,0.3858,3.0820,-0.7772,
1.296478,-0.4197,0.4088,0.6889,-0.5440,-1.6653,0.4749,0.3858,3.0820,-0.7772,
1.298017,-0.4197,0.4088,0.6889,-0.2567,-1.3588,-0.4947,0.3858,3.0820,-0.7772,
1.299719,-0.4197,0.4088,0.6889,-0.2567,-1.3588,-0.4947,0.7896,3.2867,-0.7766,
1.309465,-0.4197,0.4088,0.6889,-0.2567,-1.3588,-0.4947,1.1861,3.3227,-0.7137,
1.315878,-0.2116,0.3546,0.3672,-0.2567,-1.3588,-0.4947,1.1861,3.3227,-0.7137,
1.316969,-0.2116,0.3546,0.3672,2.3111,-1.9682,-3.2802,1.1861,3.3227,-0.7137,
1.319369,-0.2116,0.3546,0.3672,2.3111,-1.9682,-3.2802,1.4714,2.9696,-0.7320,
1.329207,-0.2116,0.3546,0.3672,2.3111,-1.9682,-3.2802,1.4982,2.3918,-0.9550,
1.335695,-0.3276,0.2659,0.1167,2.3111,-1.9682,-3.2802,1.4982,2.3918,-0.9550,
1.336684,-0.3276,0.2659,0.1167,1.6154,-2.9586,-5.3308,1.4982,2.3918,-0.9550,
1.340532,-0.3276,0.2659,0.1167,1.6154,-2.9586,-5.3308,1.2282,2.0692,-1.2683,
1.349277,-0.3276,0.2659,0.1167,1.6154,-2.9586,-5.3308,0.2722,2.4290,-1.3508,
1.357340,-0.5964,0.1819,0.1104,1.6154,-2.9586,-5.3308,0.2722,2.4290,-1.3508,
1.358068,-0.5964,0.1819,0.1104,-0.5747,-3.7403,-5.0742,0.2722,2.4290,-1.3508,
1.359702,-0.5964,0.1819,0.1104,-0.5747,-3.7403,-5.0742,-0.1426,2.9935,-1.1663,
1.369418,-0.5964,0.1819,0.1104,-0.5747,-3.7403,-5.0742,-0.3197,3.3887,-1.0942,
1.375891,-0.4259,0.0859,0.4303,-0.5747,-3.7403,-5.0742,-0.3197,3.3887,-1.0942,
1.376752,-0.4259,0.0859,0.4303,1.6178,-4.4978,-1.6233,-0.3197,3.3887,-1.0942,
1.379310,-0.4259,0.0859,0.4303,1.6178,-4.4978,-1.6233,-0.2244,3.5213,-1.1553,
1.390601,-0.4259,0.0859,0.4303,1.6178,-4.4978,-1.6233,0.0560,3.5060,-1.3239,
1.395828,-0.3710,0.0716,0.5035,1.6178,-4.4978,-1.6233,0.0560,3.5060,-1.3239,
1.396596,-0.3710,0.0716,0.5035,2.6852,-4.4137,-0.5477,0.0560,3.5060,-1.3239,
1.399224,-0.3710,0.0716,0.5035,2.6852,-4.4137,-0.5477,0.3449,3.6159,-1.4620,
1.409448,-0.3710,0.0716,0.5035,2.6852,-4.4137,-0.5477,0.5263,4.0466,-1.4534,
1.415727,-0.4903,-0.0974,0.2696,2.6852,-4.4137,-0.5477,0.5263,4.0466,-1.4534,
1.416738,-0.4903,-0.0974,0.2696,2.0802,-5.8404,-2.3466,0.5263,4.0466,-1.4534,
1.419279,-0.4903,-0.0974,0.2696,2.0802,-5.8404,-2.3466,0.6497,4.4999,-1.2787,
1.429219,-0.4903,-0.0974,0.2696,2.0802,-5.8404,-2.3466,0.7805,4.7876,-1.0985,
1.435652,-0.3875,-0.2369,0.3498,2.0802,-5.8404,-2.3466,0.7805,4.7876,-1.0985,
1.436560,-0.3875,-0.2369,0.3498,3.6465,-7.0217,-0.8921,0.7805,4.7876,-1.0985,
1.440424,-0.3875,-0.2369,0.3498,3.6465,-7.0217,-0.8921,0.9717,5.0356,-1.1003,
1.449220,-0.3875,-0.2369,0.3498,3.6465,-7.0217,-0.8921,1.2838,5.2799,-1.1822,
1.455703,-0.2808,-0.3297,0.3164,3.6465,-7.0217,-0.8921,1.2838,5.2799,-1.1822,
1.456693,-0.2808,-0.3297,0.3164,5.2075,-7.7981,-0.3572,1.2838,5.2799,-1.1822,
1.459369,-0.2808,-0.3297,0.3164,5.2075,-7.7981,-0.3572,1.6839,5.6086,-1.2323,
1.469290,-0.2808,-0.3297,0.3164,5.2075,-7.7981,-0.3572,2.1445,6.0423,-1.3520,
1.475962,-0.0386,-0.4697,0.0800,5.2075,-7.7981,-0.3572,2.1445,6.0423,-1.3520,
1.476860,-0.0386,-0.4697,0.0800,8.0363,-9.0683,-1.5451,2.1445,6.0423,-1.3520,
1.479226,-0.0386,-0.4697,0.0800,8.0363,-9.0683,-1.5451,2.6491,6.3355,-1.6856,
1.490496,-0.0386,-0.4697,0.0800,8.0363,-9.0683,-1.5451,3.0449,6.4778,-2.2561,
1.495867,-0.1961,-0.7774,-0.3556,8.0363,-9.0683,-1.5451,3.0449,6.4778,-2.2561,
1.496780,-0.1961,-0.7774,-0.3556,6.8767,-11.8377,-4.4652,3.0449,6.4778,-2.2561,
1.499292,-0.1961,-0.7774,-0.3556,6.8767,-11.8377,-4.4652,3.1854,6.5212,-2.9439,
1.519832,-0.1961,-0.7774,-0.3556,6.8767,-11.8377,-4.4652,3.0950,6.2402,-3.5365,
1.522414,-0.8364,-0.8537,-0.3798,6.8767,-11.8377,-4.4652,3.0950,6.2402,-3.5365,
1.525109,-0.8364,-0.8537,-0.3798,1.0535,-11.5955,-3.2961,3.0950,6.2402,-3.5365,
1.527156,-0.8364,-0.8537,-0.3798,1.0535,-11.5955,-3.2961,2.9154,5.5567,-3.9238,
1.529980,-0.8364,-0.8537,-0.3798,1.0535,-11.5955,-3.2961,2.7694,3.8065,-4.2561,
1.536289,-1.1565,-0.8797,-0.2821,1.0535,-11.5955,-3.2961,2.7694,3.8065,-4.2561,
1.539261,-1.1565,-0.8797,-0.2821,-1.8563,-10.6650,-1.2924,2.7694,3.8065,-4.2561,
1.541398,-1.1565,-0.8797,-0.2821,-1.8563,-10.6650,-1.2924,2.6137,3.0344,-4.3691,
1.549925,-1.1565,-0.8797,-0.2821,-1.8563,-10.6650,-1.2924,2.4041,2.3014,-4.5102,
1.558527,-0.9235,-0.9317,-0.3700,-1.8563,-10.6650,-1.2924,2.4041,2.3014,-4.5102,
1.560881,-0.9235,-0.9317,-0.3700,0.5029,-9.9103,-1.5516,2.4041,2.3014,-4.5102,
1.562667,-0.9235,-0.9317,-0.3700,0.5029,-9.9103,-1.5516,2.1054,1.5665,-4.7771,
1.569884,-0.9235,-0.9317,-0.3700,0.5029,-9.9103,-1.5516,1.8202,0.9513,-5.2035,
1.588192,-0.5778,-1.1170,-0.0925,0.5029,-9.9103,-1.5516,1.8202,0.9513,-5.2035,
1.591021,-0.5778,-1.1170,-0.0925,3.8488,-10.3662,1.4116,1.8202,0.9513,-5.2035,
1.593775,-0.5778,-1.1170,-0.0925,3.8488,-10.3662,1.4116,1.6913,0.6178,-5.6904,
1.596292,-0.5778,-1.1170,-0.0925,3.8488,-10.3662,1.4116,1.7719,0.6820,-6.0734,
1.599060,-1.5264,-1.1645,0.1992,3.8488,-10.3662,1.4116,1.7719,0.6820,-6.0734,
1.601958,-1.5264,-1.1645,0.1992,-5.6467,-9.4117,4.2871,1.7719,0.6820,-6.0734,
1.603941,-1.5264,-1.1645,0.1992,-5.6467,-9.4117,4.2871,2.0321,1.0564,-6.3043,
1.618481,-1.5264,-1.1645,0.1992,-5.6467,-9.4117,4.2871,2.3840,1.5127,-6.2878,
1.620666,-2.2364,-1.1143,0.1143,-5.6467,-9.4117,4.2871,2.3840,1.5127,-6.2878,
1.622284,-2.2364,-1.1143,0.1143,-12.9958,-7.6660,3.5707,2.3840,1.5127,-6.2878,
1.624295,-2.2364,-1.1143,0.1143,-12.9958,-7.6660,3.5707,2.7377,1.5775,-5.9488,
1.640015,-2.2364,-1.1143,0.1143,-12.9958,-7.6660,3.5707,2.9442,1.1603,-5.4558,
1.642451,-1.9146,-0.9995,0.1410,-12.9958,-7.6660,3.5707,2.9442,1.1603,-5.4558,
1.644386,-1.9146,-0.9995,0.1410,-10.3456,-5.4116,3.8513,2.9442,1.1603,-5.4558,
1.646227,-1.9146,-0.9995,0.1410,-10.3456,-5.4116,3.8513,3.0223,0.7259,-5.1217,
1.650571,-1.9146,-0.9995,0.1410,-10.3456,-5.4116,3.8513,3.2282,0.4938,-4.9543,
1.659286,-1.5799,-0.8883,-0.0738,-10.3456,-5.4116,3.8513,3.2282,0.4938,-4.9543,
1.661568,-1.5799,-0.8883,-0.0738,-7.5857,-3.3510,1.5418,3.2282,0.4938,-4.9543,
1.663428,-1.5799,-0.8883,-0.0738,-7.5857,-3.3510,1.5418,3.5660,0.3594,-4.9354,
1.669568,-1.5799,-0.8883,-0.0738,-7.5857,-3.3510,1.5418,3.7743,0.3264,-4.9726,
1.683298,-1.5220,-0.8523,-0.7437,-7.5857,-3.3510,1.5418,3.7743,0.3264,-4.9726,
1.684846,-1.5220,-0.8523,-0.7437,-7.6088,-2.0908,-5.3981,3.7743,0.3264,-4.9726,
1.686349,-1.5220,-0.8523,-0.7437,-7.6088,-2.0908,-5.3981,3.7028,0.2537,-4.9567,
1.691578,-1.5220,-0.8523,-0.7437,-7.6088,-2.0908,-5.3981,3.4066,-0.0328,-4.9873,
1.696171,-1.5452,-0.9149,-0.8883,-7.6088,-2.0908,-5.3981,3.4066,-0.0328,-4.9873,
1.697389,-1.5452,-0.9149,-0.8883,-8.5032,-1.8933,-7.2729,3.4066,-0.0328,-4.9873,
1.699581,-1.5452,-0.9149,-0.8883,-8.5032,-1.8933,-7.2729,2.9490,-0.5312,-5.1119,
1.709664,-1.5452,-0.9149,-0.8883,-8.5032,-1.8933,-7.2729,2.4274,-1.0010,-5.1675,
1.716181,-1.6829,-0.9210,-0.7063,-8.5032,-1.8933,-7.2729,2.4274,-1.0010,-5.1675,
1.717487,-1.6829,-0.9210,-0.7063,-10.6001,-1.2434,-5.9839,2.4274,-1.0010,-5.1675,
1.719746,-1.6829,-0.9210,-0.7063,-10.6001,-1.2434,-5.9839,1.5227,-1.8935,-5.0569,
1.733112,-1.6829,-0.9210,-0.7063,-10.6001,-1.2434,-5.9839,1.0999,-2.1457,-4.8285,
1.736060,-1.8423,-1.0745,-0.4299,-10.6001,-1.2434,-5.9839,1.0999,-2.1457,-4.8285,
1.737834,-1.8423,-1.0745,-0.4299,-12.9324,-2.1823,-3.7085,1.0999,-2.1457,-4.8285,
1.739822,-1.8423,-1.0745,-0.4299,-12.9324,-2.1823,-3.7085,0.8416,-2.2423,-4.5756,
1.749600,-1.8423,-1.0745,-0.4299,-12.9324,-2.1823,-3.7085,0.7469,-2.2300,-4.3544,
1.758295,-1.8297,-1.1702,-0.0324,-12.9324,-2.1823,-3.7085,0.7469,-2.2300,-4.3544,
1.760477,-1.8297,-1.1702,-0.0324,-13.5578,-2.6923,-0.1606,0.7469,-2.2300,-4.3544,
1.762552,-1.8297,-1.1702,-0.0324,-13.5578,-2.6923,-0.1606,0.7059,-2.1616,-4.1229,
1.769855,-1.8297,-1.1702,-0.0324,-13.5578,-2.6923,-0.1606,0.6528,-2.1329,-3.8920,
1.776743,-1.8721,-1.3421,0.1476,-13.5578,-2.6923,-0.1606,0.6528,-2.1329,-3.8920,
1.780013,-1.8721,-1.3421,0.1476,-14.6898,-4.0543,1.3087,0.6528,-2.1329,-3.8920,
1.782290,-1.8721,-1.3421,0.1476,-14.6898,-4.0543,1.3087,0.7401,-2.0059,-3.6202,
1.792842,-1.8721,-1.3421,0.1476,-14.6898,-4.0543,1.3087,0.9026,-1.8085,-3.2164,
1.796555,-2.2702,-1.0398,0.1928,-14.6898,-4.0543,1.3087,0.9026,-1.8085,-3.2164,
1.798871,-2.2702,-1.0398,0.1928,-19.2342,-0.8670,1.4717,0.9026,-1.8085,-3.2164,
1.801392,-2.2702,-1.0398,0.1928,-19.2342,-0.8670,1.4717,1.1274,-1.6424,-2.6483,
1.810020,-2.2702,-1.0398,0.1928,-19.2342,-0.8670,1.4717,1.3119,-1.6980,-1.9586,
1.816525,-2.1621,-0.9287,-0.2725,-19.2342,-0.8670,1.4717,1.3119,-1.6980,-1.9586,
1.819139,-2.1621,-0.9287,-0.2725,-18.6245,0.3351,-3.4089,1.3119,-1.6980,-1.9586,
1.821421,-2.1621,-0.9287,-0.2725,-18.6245,0.3351,-3.4089,1.3199,-1.7627,-1.3196,
1.830166,-2.1621,-0.9287,-0.2725,-18.6245,0.3351,-3.4089,1.2478,-1.6821,-0.7754,
1.836455,-1.8876,-0.9066,-0.2612,-18.6245,0.3351,-3.4089,1.2478,-1.6821,-0.7754,
1.839213,-1.8876,-0.9066,-0.2612,-16.1639,0.5800,-3.6242,1.2478,-1.6821,-0.7754,
1.842828,-1.8876,-0.9066,-0.2612,-16.1639,0.5800,-3.6242,1.1293,-1.4213,-0.2396,
1.850037,-1.8876,-0.9066,-0.2612,-16.1639,0.5800,-3.6242,1.0682,-1.0560,0.2558,
1.859672,-1.5680,-0.8625,-0.3568,-16.1639,0.5800,-3.6242,1.0682,-1.0560,0.2558,
1.862190,-1.5680,-0.8625,-0.3568,-13.0591,0.9855,-4.8265,1.0682,-1.0560,0.2558,
1.864728,-1.5680,-0.8625,-0.3568,-13.0591,0.9855,-4.8265,0.9979,-0.8415,0.6296,
1.869819,-1.5680,-0.8625,-0.3568,-13.0591,0.9855,-4.8265,0.8043,-0.6406,0.9424,
1.876348,-1.4887,-0.9453,-0.2586,-13.0591,0.9855,-4.8265,0.8043,-0.6406,0.9424,
1.878749,-1.4887,-0.9453,-0.2586,-12.1556,0.1108,-4.0685,0.8043,-0.6406,0.9424,
1.881134,-1.4887,-0.9453,-0.2586,-12.1556,0.1108,-4.0685,0.5819,-0.6406,1.2350,
1.890031,-1.4887,-0.9453,-0.2586,-12.1556,0.1108,-4.0685,0.4347,-0.7114,1.4787,
1.896517,-1.3254,-0.8997,-0.1272,-12.1556,0.1108,-4.0685,0.4347,-0.7114,1.4787,
1.899072,-1.3254,-0.8997,-0.1272,-10.3237,0.4732,-2.9097,0.4347,-0.7114,1.4787,
1.901414,-1.3254,-0.8997,-0.1272,-10.3237,0.4732,-2.9097,0.3803,-0.7701,1.8813,
1.909862,-1.3254,-0.8997,-0.1272,-10.3237,0.4732,-2.9097,0.4097,-0.5569,2.1892,
1.916605,-1.0560,-0.8205,-0.2487,-10.3237,0.4732,-2.9097,0.4097,-0.5569,2.1892,
1.919112,-1.0560,-0.8205,-0.2487,-7.3303,1.1193,-4.2115,0.4097,-0.5569,2.1892,
1.921111,-1.0560,-0.8205,-0.2487,-7.3303,1.1193,-4.2115,0.3761,-0.3303,2.4268,
1.940331,-1.0560,-0.8205,-0.2487,-7.3303,1.1193,-4.2115,0.2118,-0.0938,2.5642,
1.942617,-0.6177,-0.9315,-0.3316,-7.3303,1.1193,-4.2115,0.2118,-0.0938,2.5642,
1.944469,-0.6177,-0.9315,-0.3316,-2.5900,-0.1411,-5.0911,0.2118,-0.0938,2.5642,
1.946312,-0.6177,-0.9315,-0.3316,-2.5900,-0.1411,-5.0911,0.0480,0.2886,2.5911,
1.953613,-0.6177,-0.9315,-0.3316,-2.5900,-0.1411,-5.0911,0.1391,0.5696,2.6333,
1.956374,-0.4904,-0.8730,0.0403,-2.5900,-0.1411,-5.0911,0.1391,0.5696,2.6333,
1.958715,-0.4904,-0.8730,0.0403,-0.7009,0.1845,-1.3149,0.1391,0.5696,2.6333,
1.960733,-0.4904,-0.8730,0.0403,-0.7009,0.1845,-1.3149,0.3669,0.5860,2.6834,
1.969801,-0.4904,-0.8730,0.0403,-0.7009,0.1845,-1.3149,0.5526,0.7797,2.7658,
1.976574,0.0806,-0.8358,0.1237,-0.7009,0.1845,-1.3149,0.5526,0.7797,2.7658,
1.978403,0.0806,-0.8358,0.1237,5.4619,0.2759,-0.4191,0.5526,0.7797,2.7658,
1.980325,0.0806,-0.8358,0.1237,5.4619,0.2759,-0.4191,0.8037,1.2152,2.8465,
1.989688,0.0806,-0.8358,0.1237,5.4619,0.2759,-0.4191,1.0279,1.7589,2.6003,
1.996236,-0.0738,-0.8898,0.0161,5.4619,0.2759,-0.4191,1.0279,1.7589,2.6003,
1.997551,-0.0738,-0.8898,0.0161,4.4547,-0.5367,-1.3916,1.0279,1.7589,2.6003,
1.999614,-0.0738,-0.8898,0.0161,4.4547,-0.5367,-1.3916,0.9900,2.2146,2.4213,
2.009844,-0.0738,-0.8898,0.0161,4.4547,-0.5367,-1.3916,0.9723,2.7595,2.4897,
2.015993,0.5193,-0.8589,0.7790,4.4547,-0.5367,-1.3916,0.9723,2.7595,2.4897,
2.017125,0.5193,-0.8589,0.7790,10.6287,-0.4566,6.1792,0.9723,2.7595,2.4897,
2.019547,0.5193,-0.8589,0.7790,10.6287,-0.4566,6.1792,1.2557,3.7393,2.4176,
2.029472,0.5193,-0.8589,0.7790,10.6287,-0.4566,6.1792,1.7921,3.6440,1.6724,
2.035892,-0.8570,-0.6069,-0.1261,10.6287,-0.4566,6.1792,1.7921,3.6440,1.6724,
2.037009,-0.8570,-0.6069,-0.1261,-2.4932,1.7806,-2.4904,1.7921,3.6440,1.6724,
2.039412,-0.8570,-0.6069,-0.1261,-2.4932,1.7806,-2.4904,1.8434,2.7271,1.6259,
2.049338,-0.8570,-0.6069,-0.1261,-2.4932,1.7806,-2.4904,1.4133,1.9251,2.0633,
2.056223,-0.3043,-0.5122,-0.0053,-2.4932,1.7806,-2.4904,1.4133,1.9251,2.0633,
2.058740,-0.3043,-0.5122,-0.0053,3.2016,2.4963,-1.2546,1.4133,1.9251,2.0633,
2.060109,-0.3043,-0.5122,-0.0053,3.2016,2.4963,-1.2546,1.0389,1.8279,2.1311,
2.069460,-0.3043,-0.5122,-0.0053,3.2016,2.4963,-1.2546,0.8782,2.0240,1.9919,
2.076115,-0.5562,-0.5608,-0.3014,3.2016,2.4963,-1.2546,0.8782,2.0240,1.9919,
2.077291,-0.5562,-0.5608,-0.3014,1.0385,1.7834,-3.9911,0.8782,2.0240,1.9919,
2.079438,-0.5562,-0.5608,-0.3014,1.0385,1.7834,-3.9911,0.5361,2.1315,1.8196,
2.090632,-0.5562,-0.5608,-0.3014,1.0385,1.7834,-3.9911,-0.3576,1.9269,2.0652,
2.096685,-0.9309,-0.4708,0.2460,1.0385,1.7834,-3.9911,-0.3576,1.9269,2.0652,
2.099253,-0.9309,-0.4708,0.2460,-2.3207,2.4073,1.6337,-0.3576,1.9269,2.0652,
2.101608,-0.9309,-0.4708,0.2460,-2.3207,2.4073,1.6337,-0.4199,1.8493,2.2747,
2.110311,-0.9309,-0.4708,0.2460,-2.3207,2.4073,1.6337,-0.0821,1.8573,2.4463,
2.116852,-0.6760,-0.4481,0.2278,-2.3207,2.4073,1.6337,-0.0821,1.8573,2.4463,
2.119591,-0.6760,-0.4481,0.2278,0.5221,2.3059,1.7380,-0.0821,1.8573,2.4463,
2.121578,-0.6760,-0.4481,0.2278,0.5221,2.3059,1.7380,-0.0876,1.7412,2.3779,
2.130241,-0.6760,-0.4481,0.2278,0.5221,2.3059,1.7380,-0.2934,1.3924,2.2209,
2.136721,-0.4555,-0.4534,-0.1877,0.5221,2.3059,1.7380,-0.2934,1.3924,2.2209,
2.139707,-0.4555,-0.4534,-0.1877,2.9885,1.9261,-2.0801,-0.2934,1.3924,2.2209,
2.142102,-0.4555,-0.4534,-0.1877,2.9885,1.9261,-2.0801,-0.5042,0.8096,2.0823,
2.150289,-0.4555,-0.4534,-0.1877,2.9885,1.9261,-2.0801,-0.6661,0.4138,1.9766,
2.157035,-0.2755,-0.5868,0.2987,2.9885,1.9261,-2.0801,-0.6661,0.4138,1.9766,
2.159793,-0.2755,-0.5868,0.2987,4.9612,0.3703,2.8051,-0.6661,0.4138,1.9766,
2.161987,-0.2755,-0.5868,0.2987,4.9612,0.3703,2.8051,-0.6239,0.1945,1.8617,
2.170169,-0.2755,-0.5868,0.2987,4.9612,0.3703,2.8051,-0.4797,0.1774,1.7267,
2.176956,-0.2233,-0.6941,0.1477,4.9612,0.3703,2.8051,-0.4797,0.1774,1.7267,
2.179318,-0.2233,-0.6941,0.1477,5.6117,-0.8586,1.3627,-0.4797,0.1774,1.7267,
2.181638,-0.2233,-0.6941,0.1477,5.6117,-0.8586,1.3627,-0.3686,0.2635,1.5972,
2.190301,-0.2233,-0.6941,0.1477,5.6117,-0.8586,1.3627,-0.2269,0.5274,1.4659,
2.196832,-0.1777,-0.7454,0.1096,5.6117,-0.8586,1.3627,-0.2269,0.5274,1.4659,
2.200195,-0.1777,-0.7454,0.1096,6.1344,-1.4623,1.0260,-0.2269,0.5274,1.4659,
2.202436,-0.1777,-0.7454,0.1096,6.1344,-1.4623,1.0260,0.0267,0.6838,1.2478,
2.210547,-0.1777,-0.7454,0.1096,6.1344,-1.4623,1.0260,0.2918,0.8848,0.9497,
2.217081,-0.3656,-0.6974,-0.0167,6.1344,-1.4623,1.0260,0.2918,0.8848,0.9497,
2.219560,-0.3656,-0.6974,-0.0167,4.3159,-1.0223,-0.1475,0.2918,0.8848,0.9497,
2.221695,-0.3656,-0.6974,-0.0167,4.3159,-1.0223,-0.1475,0.5086,1.1279,0.7298,
2.230306,-0.3656,-0.6974,-0.0167,4.3159,-1.0223,-0.1475,0.7206,1.3466,0.5166,
2.236732,-0.4823,-0.5556,-0.1638,4.3159,-1.0223,-0.1475,0.7206,1.3466,0.5166,
2.239554,-0.4823,-0.5556,-0.1638,3.1524,0.3935,-1.4731,0.7206,1.3466,0.5166,
2.242043,-0.4823,-0.5556,-0.1638,3.1524,0.3935,-1.4731,0.8605,1.5225,0.3016,
2.250471,-0.4823,-0.5556,-0.1638,3.1524,0.3935,-1.4731,0.8446,1.6972,0.1043,
2.256955,-0.6992,-0.3944,-0.1867,3.1524,0.3935,-1.4731,0.8446,1.6972,0.1043,
2.259567,-0.6992,-0.3944,-0.1867,0.9878,2.0180,-1.5294,0.8446,1.6972,0.1043,
2.261855,-0.6992,-0.3944,-0.1867,0.9878,2.0180,-1.5294,0.8880,1.5928,-0.0252,
2.270523,-0.6992,-0.3944,-0.1867,0.9878,2.0180,-1.5294,0.5984,0.7241,-0.3392,
2.277455,-0.7917,-0.2977,-0.3782,0.9878,2.0180,-1.5294,0.5984,0.7241,-0.3392,
2.279950,-0.7917,-0.2977,-0.3782,0.0354,3.0182,-3.2627,0.5984,0.7241,-0.3392,
2.281981,-0.7917,-0.2977,-0.3782,0.0354,3.0182,-3.2627,0.3522,0.2690,-0.4143,
2.290132,-0.7917,-0.2977,-0.3782,0.0354,3.0182,-3.2627,0.1873,0.0650,-0.4565,
2.296976,-0.8773,-0.2783,-0.2149,0.0354,3.0182,-3.2627,0.1873,0.0650,-0.4565,
2.299564,-0.8773,-0.2783,-0.2149,-0.8428,3.2553,-1.6087,0.1873,0.0650,-0.4565,
2.301421,-0.8773,-0.2783,-0.2149,-0.8428,3.2553,-1.6087,0.1885,0.0082,-0.4760,
2.309983,-0.8773,-0.2783,-0.2149,-0.8428,3.2553,-1.6087,0.3052,-0.0780,-0.5048,
2.316542,-0.8457,-0.3848,-0.1819,-0.8428,3.2553,-1.6087,0.3052,-0.0780,-0.5048,
2.318244,-0.8457,-0.3848,-0.1819,-0.5634,2.2488,-1.2612,0.3052,-0.0780,-0.5048,
2.319970,-0.8457,-0.3848,-0.1819,-0.5634,2.2488,-1.2612,0.3449,-0.2850,-0.5976,
2.330395,-0.8457,-0.3848,-0.1819,-0.5634,2.2488,-1.2612,0.2533,-0.4078,-0.7228,
2.336526,-1.1942,-0.2759,-0.2708,-0.5634,2.2488,-1.2612,0.2533,-0.4078,-0.7228,
2.338356,-1.1942,-0.2759,-0.2708,-3.9986,3.3429,-2.1573,0.2533,-0.4078,-0.7228,
2.341700,-1.1942,-0.2759,-0.2708,-3.9986,3.3429,-2.1573,0.2368,-0.2997,-0.6294,
2.350059,-1.1942,-0.2759,-0.2708,-3.9986,3.3429,-2.1573,0.2881,-0.0609,-0.4314,
2.356688,-1.3919,-0.3321,-0.5319,-3.9986,3.3429,-2.1573,0.2881,-0.0609,-0.4314,
2.358879,-1.3919,-0.3321,-0.5319,-5.9273,2.7778,-4.6870,0.2881,-0.0609,-0.4314,
2.360875,-1.3919,-0.3321,-0.5319,-5.9273,2.7778,-4.6870,0.2942,0.0815,-0.1614,
2.369787,-1.3919,-0.3321,-0.5319,-5.9273,2.7778,-4.6870,0.0609,-0.1464,-0.0057,
2.377571,-1.3114,-0.2871,-0.5926,-5.9273,2.7778,-4.6870,0.0609,-0.1464,-0.0057,
2.379939,-1.3114,-0.2871,-0.5926,-5.0716,3.1256,-5.2021,0.0609,-0.1464,-0.0057,
2.382295,-1.3114,-0.2871,-0.5926,-5.0716,3.1256,-5.2021,-0.2733,-0.4976,0.0310,
2.390356,-1.3114,-0.2871,-0.5926,-5.0716,3.1256,-5.2021,-0.4675,-0.8477,0.0927,
2.396845,-1.4943,-0.2718,-0.1586,-5.0716,3.1256,-5.2021,-0.4675,-0.8477,0.0927,
2.400088,-1.4943,-0.2718,-0.1586,-6.7651,3.1420,-0.9315,-0.4675,-0.8477,0.0927,
2.402346,-1.4943,-0.2718,-0.1586,-6.7651,3.1420,-0.9315,-0.4278,-1.0700,0.2118,
2.410754,-1.4943,-0.2718,-0.1586,-6.7651,3.1420,-0.9315,-0.1933,-1.0218,0.4806,
2.416584,-1.1680,-0.2805,-0.2906,-6.7651,3.1420,-0.9315,-0.1933,-1.0218,0.4806,
2.418891,-1.1680,-0.2805,-0.2906,-3.4379,2.8820,-2.2764,-0.1933,-1.0218,0.4806,
2.420989,-1.1680,-0.2805,-0.2906,-3.4379,2.8820,-2.2764,-0.0167,-0.6674,0.7396,
2.430182,-1.1680,-0.2805,-0.2906,-3.4379,2.8820,-2.2764,0.0163,-0.4103,0.9100,
2.436778,-0.8265,-0.3613,-0.2344,-3.4379,2.8820,-2.2764,0.0163,-0.4103,0.9100,
2.439379,-0.8265,-0.3613,-0.2344,0.0677,1.8579,-1.7333,0.0163,-0.4103,0.9100,
2.441929,-0.8265,-0.3613,-0.2344,0.0677,1.8579,-1.7333,0.0126,-0.3077,0.9943,
2.450373,-0.8265,-0.3613,-0.2344,0.0677,1.8579,-1.7333,0.0486,-0.2838,0.8941,
2.457115,-0.6202,-0.3025,-0.1242,0.0677,1.8579,-1.7333,0.0486,-0.2838,0.8941,
2.459592,-0.6202,-0.3025,-0.1242,2.2391,2.1992,-0.6327,0.0486,-0.2838,0.8941,
2.461922,-0.6202,-0.3025,-0.1242,2.2391,2.1992,-0.6327,0.0969,0.1077,0.7756,
2.470212,-0.6202,-0.3025,-0.1242,2.2391,2.1992,-0.6327,0.2368,0.3325,0.8190,
2.476869,-0.6753,-0.5654,0.2963,2.2391,2.1992,-0.6327,0.2368,0.3325,0.8190,
2.479650,-0.6753,-0.5654,0.2963,1.7971,-0.5430,3.5200,0.2368,0.3325,0.8190,
2.481904,-0.6753,-0.5654,0.2963,1.7971,-0.5430,3.5200,0.5819,0.6361,0.6889,
2.490062,-0.6753,-0.5654,0.2963,1.7971,-0.5430,3.5200,1.0969,0.9495,0.4574,
2.496449,-0.5284,-0.8100,0.6723,1.7971,-0.5430,3.5200,1.0969,0.9495,0.4574,
2.498647,-0.5284,-0.8100,0.6723,3.2780,-3.0080,7.1807,1.0969,0.9495,0.4574,
2.500466,-0.5284,-0.8100,0.6723,3.2780,-3.0080,7.1807,1.4732,1.1804,0.0731,
2.510000,-0.5284,-0.8100,0.6723,3.2780,-3.0080,7.1807,1.5331,1.0454,-0.2451,
2.516397,-0.7740,-0.8195,0.1989,3.2780,-3.0080,7.1807,1.5331,1.0454,-0.2451,
2.518248,-0.7740,-0.8195,0.1989,0.8311,-3.0275,2.5004,1.5331,1.0454,-0.2451,
2.519904,-0.7740,-0.8195,0.1989,0.8311,-3.0275,2.5004,1.3168,0.8121,-0.5921,
2.530300,-0.7740,-0.8195,0.1989,0.8311,-3.0275,2.5004,1.2191,0.5091,-0.6911,
2.536301,-1.3910,-0.8818,0.9952,0.8311,-3.0275,2.5004,1.2191,0.5091,-0.6911,
2.538188,-1.3910,-0.8818,0.9952,-5.2946,-3.4925,10.1446,1.2191,0.5091,-0.6911,
2.540239,-1.3910,-0.8818,0.9952,-5.2946,-3.4925,10.1446,1.5227,0.5317,-0.5811,
2.549984,-1.3910,-0.8818,0.9952,-5.2946,-3.4925,10.1446,2.0651,0.6490,-0.3160,
2.556409,-0.8462,-0.8441,0.3848,-5.2946,-3.4925,10.1446,2.0651,0.6490,-0.3160,
2.558433,-0.8462,-0.8441,0.3848,-0.0235,-3.0024,3.9404,2.0651,0.6490,-0.3160,
2.560465,-0.8462,-0.8441,0.3848,-0.0235,-3.0024,3.9404,2.2759,0.7168,-0.2201,
2.569862,-0.8462,-0.8441,0.3848,-0.0235,-3.0024,3.9404,2.1934,0.6300,-0.2482,
2.576750,-0.6911,-0.6861,0.0461,-0.0235,-3.0024,3.9404,2.1934,0.6300,-0.2482,
2.578716,-0.6911,-0.6861,0.0461,1.4447,-1.3732,0.3953,2.1934,0.6300,-0.2482,
2.581084,-0.6911,-0.6861,0.0461,1.4447,-1.3732,0.3953,1.9222,0.3777,-0.3734,
2.590041,-0.6911,-0.6861,0.0461,1.4447,-1.3732,0.3953,1.5410,0.0210,-0.5219,
2.596791,-0.6466,-0.5108,-0.0082,1.4447,-1.3732,0.3953,1.5410,0.0210,-0.5219,
2.599092,-0.6466,-0.5108,-0.0082,1.8109,0.4451,-0.3588,1.5410,0.0210,-0.5219,
2.601107,-0.6466,-0.5108,-0.0082,1.8109,0.4451,-0.3588,1.1806,-0.3211,-0.6495,
2.610343,-0.6466,-0.5108,-0.0082,1.8109,0.4451,-0.3588,0.9295,-0.4762,-0.8267,
2.616762,-0.7019,-0.5265,0.0271,1.8109,0.4451,-0.3588,0.9295,-0.4762,-0.8267,
2.618842,-0.7019,-0.5265,0.0271,1.1708,0.4205,-0.2266,0.9295,-0.4762,-0.8267,
2.620928,-0.7019,-0.5265,0.0271,1.1708,0.4205,-0.2266,0.7689,-0.4995,-1.0802,
2.630285,-0.7019,-0.5265,0.0271,1.1708,0.4205,-0.2266,0.6497,-0.5850,-1.2323,
2.636758,-1.2015,-0.4272,0.0035,1.1708,0.4205,-0.2266,0.6497,-0.5850,-1.2323,
2.638761,-1.2015,-0.4272,0.0035,-3.8562,1.5603,-0.6322,0.6497,-0.5850,-1.2323,
2.641351,-1.2015,-0.4272,0.0035,-3.8562,1.5603,-0.6322,0.4750,-0.6656,-0.6550,
2.650358,-1.2015,-0.4272,0.0035,-3.8562,1.5603,-0.6322,0.3101,-0.9191,-0.3423,
2.656724,-0.9541,-0.3358,-0.2673,-3.8562,1.5603,-0.6322,0.3101,-0.9191,-0.3423,
2.659535,-0.9541,-0.3358,-0.2673,-1.4730,2.4934,-3.4304,0.3101,-0.9191,-0.3423,
2.661822,-0.9541,-0.3358,-0.2673,-1.4730,2.4934,-3.4304,-0.0479,-1.4524,-0.2085,
2.670271,-0.9541,-0.3358,-0.2673,-1.4730,2.4934,-3.4304,-0.5109,-2.0431,-0.1663,
2.677517,-0.8960,-0.2492,-0.2279,-1.4730,2.4934,-3.4304,-0.5109,-2.0431,-0.1663,
2.680057,-0.8960,-0.2492,-0.2279,-0.9077,3.3203,-3.2242,-0.5109,-2.0431,-0.1663,
2.682414,-0.8960,-0.2492,-0.2279,-0.9077,3.3203,-3.2242,-0.9330,-2.6448,-0.0869,
2.690258,-0.8960,-0.2492,-0.2279,-0.9077,3.3203,-3.2242,-1.1700,-3.3339,0.1171,
2.697329,-0.8782,-0.3502,0.4205,-0.9077,3.3203,-3.2242,-1.1700,-3.3339,0.1171,
2.699845,-0.8782,-0.3502,0.4205,-0.7500,2.2887,2.8063,-1.1700,-3.3339,0.1171,
2.702198,-0.8782,-0.3502,0.4205,-0.7500,2.2887,2.8063,-1.2073,-3.5959,0.3651,
2.710801,-0.8782,-0.3502,0.4205,-0.7500,2.2887,2.8063,-0.8939,-3.2734,0.5594,
2.716752,-0.5852,-0.5234,0.4250,-0.7500,2.2887,2.8063,-0.8939,-3.2734,0.5594,
2.719259,-0.5852,-0.5234,0.4250,2.0912,0.5190,2.4302,-0.8939,-3.2734,0.5594,
2.721481,-0.5852,-0.5234,0.4250,2.0912,0.5190,2.4302,-0.4767,-2.5843,0.6632,
2.730134,-0.5852,-0.5234,0.4250,2.0912,0.5190,2.4302,-0.1151,-1.7695,0.7286,
2.736777,-0.5542,-0.3319,0.3180,2.0912,0.5190,2.4302,-0.1151,-1.7695,0.7286,
2.738601,-0.5542,-0.3319,0.3180,2.4060,2.2739,1.0649,-0.1151,-1.7695,0.7286,
2.741235,-0.5542,-0.3319,0.3180,2.4060,2.2739,1.0649,0.1317,-1.0810,0.7970,
2.750589,-0.5542,-0.3319,0.3180,2.4060,2.2739,1.0649,0.4097,-0.5276,0.8642,
2.756972,-0.5444,-0.2770,0.1779,2.4060,2.2739,1.0649,0.4097,-0.5276,0.8642,
2.759581,-0.5444,-0.2770,0.1779,2.5702,2.6487,-0.4708,0.4097,-0.5276,0.8642,
2.761718,-0.5444,-0.2770,0.1779,2.5702,2.6487,-0.4708,0.7182,-0.0902,0.8795,
2.770340,-0.5444,-0.2770,0.1779,2.5702,2.6487,-0.4708,0.9875,0.3173,0.8587,
2.777632,-0.8466,-0.2277,0.1423,2.5702,2.6487,-0.4708,0.9875,0.3173,0.8587,
2.780190,-0.8466,-0.2277,0.1423,-0.2690,2.9169,-0.8890,0.9875,0.3173,0.8587,
2.782339,-0.8466,-0.2277,0.1423,-0.2690,2.9169,-0.8890,1.2374,0.7620,0.9204,
2.790320,-0.8466,-0.2277,0.1423,-0.2690,2.9169,-0.8890,1.4433,1.2073,1.1464,
2.796718,-0.6586,-0.1350,0.3925,-0.2690,2.9169,-0.8890,1.4433,1.2073,1.1464,
2.799685,-0.6586,-0.1350,0.3925,1.7481,3.5398,1.5576,1.4433,1.2073,1.1464,
2.801832,-0.6586,-0.1350,0.3925,1.7481,3.5398,1.5576,1.6766,1.5860,1.2826,
2.811036,-0.6586,-0.1350,0.3925,1.7481,3.5398,1.5576,1.9613,1.8945,1.0945,
2.816574,-0.5217,-0.2045,0.1926,1.7481,3.5398,1.5576,1.9613,1.8945,1.0945,
2.818756,-0.5217,-0.2045,0.1926,3.2933,2.5413,-0.3139,1.9613,1.8945,1.0945,
2.820853,-0.5217,-0.2045,0.1926,3.2933,2.5413,-0.3139,1.9955,1.2042,0.1458,
2.830183,-0.5217,-0.2045,0.1926,3.2933,2.5413,-0.3139,1.0584,0.0393,-0.7265,
2.836641,-0.4064,-0.2129,-0.4775,3.2933,2.5413,-0.3139,1.0584,0.0393,-0.7265,
2.838823,-0.4064,-0.2129,-0.4775,4.4561,2.4138,-6.8480,1.0584,0.0393,-0.7265,
2.842530,-0.4064,-0.2129,-0.4775,4.4561,2.4138,-6.8480,0.1165,-0.5404,-1.3612,
2.850246,-0.4064,-0.2129,-0.4775,4.4561,2.4138,-6.8480,-0.5078,-0.9637,-1.8474,
2.856765,-0.3553,-0.1809,-0.0674,4.4561,2.4138,-6.8480,-0.5078,-0.9637,-1.8474,
2.858950,-0.3553,-0.1809,-0.0674,4.8029,2.9833,-2.8751,-0.5078,-0.9637,-1.8474,
2.861291,-0.3553,-0.1809,-0.0674,4.8029,2.9833,-2.8751,-0.6862,-1.2618,-2.2494,
2.870525,-0.3553,-0.1809,-0.0674,4.8029,2.9833,-2.8751,-0.5335,-1.4927,-2.5896,
2.877412,-0.2946,-0.3305,0.1483,4.8029,2.9833,-2.8751,-0.5335,-1.4927,-2.5896,
2.879537,-0.2946,-0.3305,0.1483,5.1033,1.9329,-0.9061,-0.5335,-1.4927,-2.5896,
2.881847,-0.2946,-0.3305,0.1483,5.1033,1.9329,-0.9061,-0.2476,-1.6125,-2.9097,
2.890137,-0.2946,-0.3305,0.1483,5.1033,1.9329,-0.9061,0.1488,-1.4781,-3.2268,
2.896670,-0.3765,-0.4681,0.2091,5.1033,1.9329,-0.9061,0.1488,-1.4781,-3.2268,
2.899589,-0.3765,-0.4681,0.2091,3.8955,1.0660,-0.5350,0.1488,-1.4781,-3.2268,
2.901958,-0.3765,-0.4681,0.2091,3.8955,1.0660,-0.5350,0.5508,-1.3681,-3.5945,
2.911307,-0.3765,-0.4681,0.2091,3.8955,1.0660,-0.5350,0.8984,-1.3363,-4.0203,
2.916744,-0.6926,-0.6497,0.3723,3.8955,1.0660,-0.5350,0.8984,-1.3363,-4.0203,
2.919186,-0.6926,-0.6497,0.3723,0.2791,-0.1996,0.7867,0.8984,-1.3363,-4.0203,
2.921450,-0.6926,-0.6497,0.3723,0.2791,-0.1996,0.7867,1.2295,-1.2038,-4.4638,
2.930190,-0.6926,-0.6497,0.3723,0.2791,-0.1996,0.7867,1.5984,-0.8391,-4.9115,
2.936617,-0.9496,-0.8319,0.2855,0.2791,-0.1996,0.7867,1.5984,-0.8391,-4.9115,
2.938450,-0.9496,-0.8319,0.2855,-2.8701,-1.4593,-0.3567,1.5984,-0.8391,-4.9115,
2.941712,-0.9496,-0.8319,0.2855,-2.8701,-1.4593,-0.3567,1.9081,-0.7847,-5.2756,
2.950153,-0.9496,-0.8319,0.2855,-2.8701,-1.4593,-0.3567,2.0095,-1.3131,-5.4748,
2.956973,-1.2780,-0.9172,-0.0462,-2.8701,-1.4593,-0.3567,2.0095,-1.3131,-5.4748,
2.959881,-1.2780,-0.9172,-0.0462,-6.8106,-1.8122,-3.9195,2.0095,-1.3131,-5.4748,
2.962183,-1.2780,-0.9172,-0.0462,-6.8106,-1.8122,-3.9195,1.8733,-1.4732,-5.4320,
2.970195,-1.2780,-0.9172,-0.0462,-6.8106,-1.8122,-3.9195,1.0230,-0.6064,-5.0991,
2.977680,-1.6675,-1.0080,0.3808,-6.8106,-1.8122,-3.9195,1.0230,-0.6064,-5.0991,
2.980160,-1.6675,-1.0080,0.3808,-11.3401,-2.3049,0.0170,1.0230,-0.6064,-5.0991,
2.983219,-1.6675,-1.0080,0.3808,-11.3401,-2.3049,0.0170,-0.1169,0.8066,-4.4265,
2.990061,-1.6675,-1.0080,0.3808,-11.3401,-2.3049,0.0170,-0.4370,1.3399,-3.4455,
3.008766,-2.0352,-1.4746,0.0092,-11.3401,-2.3049,0.0170,-0.4370,1.3399,-3.4455,
3.011510,-2.0352,-1.4746,0.0092,-15.4774,-6.4848,-3.4803,-0.4370,1.3399,-3.4455,
3.014044,-2.0352,-1.4746,0.0092,-15.4774,-6.4848,-3.4803,-0.3826,1.0124,-2.1132,
3.016082,-2.0352,-1.4746,0.0092,-15.4774,-6.4848,-3.4803,-0.7388,-0.4469,0.6565,
3.018055,-1.3619,-1.7804,-0.1836,-15.4774,-6.4848,-3.4803,-0.7388,-0.4469,0.6565,
3.019901,-1.3619,-1.7804,-0.1836,-8.9677,-9.3783,-5.2460,-0.7388,-0.4469,0.6565,
3.021671,-1.3619,-1.7804,-0.1836,-8.9677,-9.3783,-5.2460,-1.1694,-0.2508,1.1440,
3.054341,-1.3619,-1.7804,-0.1836,-8.9677,-9.3783,-5.2460,-1.5329,0.2354,0.7249,
3.057249,-0.4707,-1.2395,0.1080,-8.9677,-9.3783,-5.2460,-1.5329,0.2354,0.7249,
3.059590,-0.4707,-1.2395,0.1080,-0.0983,-4.0712,-2.1937,-1.5329,0.2354,0.7249,
3.060908,-0.4707,-1.2395,0.1080,-0.0983,-4.0712,-2.1937,-1.6526,0.5085,-0.0429,
3.062050,-0.4707,-1.2395,0.1080,-0.0983,-4.0712,-2.1937,-1.6453,0.5488,-0.7693,
3.063163,-0.6111,-1.0200,0.1076,-0.0983,-4.0712,-2.1937,-1.6453,0.5488,-0.7693,
3.064317,-0.6111,-1.0200,0.1076,-1.5096,-1.7705,-1.8521,-1.6453,0.5488,-0.7693,
3.065761,-0.6111,-1.0200,0.1076,-1.5096,-1.7705,-1.8521,-1.6990,0.5402,-1.3453,
3.070330,-0.6111,-1.0200,0.1076,-1.5096,-1.7705,-1.8521,-1.8737,0.8005,-1.7668,
3.080329,-0.8530,-0.8800,-0.0656,-1.5096,-1.7705,-1.8521,-1.8737,0.8005,-1.7668,
3.081616,-0.8530,-0.8800,-0.0656,-4.0089,-0.1989,-3.1454,-1.8737,0.8005,-1.7668,
3.082707,-0.8530,-0.8800,-0.0656,-4.0089,-0.1989,-3.1454,-2.2781,0.7455,-2.1706,
3.089313,-0.8530,-0.8800,-0.0656,-4.0089,-0.1989,-3.1454,-2.7461,0.6129,-2.5340,
3.095788,-0.6902,-1.0577,0.1467,-4.0089,-0.1989,-3.1454,-2.7461,0.6129,-2.5340,
3.096805,-0.6902,-1.0577,0.1467,-2.6875,-1.6643,-0.5223,-2.7461,0.6129,-2.5340,
3.099276,-0.6902,-1.0577,0.1467,-2.6875,-1.6643,-0.5223,-3.0637,0.6868,-2.8144,
3.109505,-0.6902,-1.0577,0.1467,-2.6875,-1.6643,-0.5223,-3.3264,0.7339,-3.1748,
3.115775,-0.2064,-1.1508,0.1534,-2.6875,-1.6643,-0.5223,-3.3264,0.7339,-3.1748,
3.116654,-0.2064,-1.1508,0.1534,1.6131,-2.2655,0.1898,-3.3264,0.7339,-3.1748,
3.119324,-0.2064,-1.1508,0.1534,1.6131,-2.2655,0.1898,-3.5384,0.8426,-3.6568,
3.129319,-0.2064,-1.1508,0.1534,1.6131,-2.2655,0.1898,-3.6709,0.9593,-4.0863,
3.135889,0.1628,-0.9975,0.1032,1.6131,-2.2655,0.1898,-3.6709,0.9593,-4.0863,
3.136845,0.1628,-0.9975,0.1032,4.5606,-0.4470,0.4129,-3.6709,0.9593,-4.0863,
3.139383,0.1628,-0.9975,0.1032,4.5606,-0.4470,0.4129,-3.5927,1.1218,-4.2494,
3.149210,0.1628,-0.9975,0.1032,4.5606,-0.4470,0.4129,-3.2060,1.5066,-3.8908,
3.155805,0.2090,-0.9747,0.2194,4.5606,-0.4470,0.4129,-3.2060,1.5066,-3.8908,
3.156723,0.2090,-0.9747,0.2194,4.2586,0.0024,2.2196,-3.2060,1.5066,-3.8908,
3.160687,0.2090,-0.9747,0.2194,4.2586,0.0024,2.2196,-2.6648,1.6807,-3.2946,
3.169352,0.2090,-0.9747,0.2194,4.2586,0.0024,2.2196,-2.1969,1.6202,-2.7088,
3.176259,0.2485,-1.0768,0.1857,4.2586,0.0024,2.2196,-2.1969,1.6202,-2.7088,
3.177335,0.2485,-1.0768,0.1857,4.0403,-0.8922,2.3426,-2.1969,1.6202,-2.7088,
3.179242,0.2485,-1.0768,0.1857,4.0403,-0.8922,2.3426,-1.9525,1.3777,-2.1596,
3.189275,0.2485,-1.0768,0.1857,4.0403,-0.8922,2.3426,-1.8841,0.3405,-1.0576,
3.195949,0.1721,-1.1951,-0.0147,4.0403,-0.8922,2.3426,-1.8841,0.3405,-1.0576,
3.196897,0.1721,-1.1951,-0.0147,2.9351,-2.0225,0.7036,-1.8841,0.3405,-1.0576,
3.199310,0.1721,-1.1951,-0.0147,2.9351,-2.0225,0.7036,-1.9287,-0.1983,-0.4382,
3.209467,0.1721,-1.1951,-0.0147,2.9351,-2.0225,0.7036,-1.9055,-0.5318,0.1794,
3.216766,0.0263,-1.2968,-0.1798,2.9351,-2.0225,0.7036,-1.9055,-0.5318,0.1794,
3.219140,0.0263,-1.2968,-0.1798,1.4491,-3.0429,-0.6098,-1.9055,-0.5318,0.1794,
3.221423,0.0263,-1.2968,-0.1798,1.4491,-3.0429,-0.6098,-1.7992,-0.5373,0.7182,
3.229979,0.0263,-1.2968,-0.1798,1.4491,-3.0429,-0.6098,-1.6471,-0.2741,1.1147,
3.236682,-0.0537,-1.2281,-0.1022,1.4491,-3.0429,-0.6098,-1.6471,-0.2741,1.1147,
3.238378,-0.0537,-1.2281,-0.1022,0.8091,-2.4247,0.4180,-1.6471,-0.2741,1.1147,
3.240168,-0.0537,-1.2281,-0.1022,0.8091,-2.4247,0.4180,-1.5665,0.0888,1.4189,
3.249853,-0.0537,-1.2281,-0.1022,0.8091,-2.4247,0.4180,-1.6489,0.3900,1.6870,
3.256405,-0.2580,-0.9903,-0.1521,0.8091,-2.4247,0.4180,-1.6489,0.3900,1.6870,
3.258911,-0.2580,-0.9903,-0.1521,-0.9318,-0.1773,0.1970,-1.6489,0.3900,1.6870,
3.260938,-0.2580,-0.9903,-0.1521,-0.9318,-0.1773,0.1970,-1.8285,0.3942,1.8782,
3.270164,-0.2580,-0.9903,-0.1521,-0.9318,-0.1773,0.1970,-2.0582,-0.0468,1.8941,
3.278170,-0.3373,-0.7821,0.0920,-0.9318,-0.1773,0.1970,-2.0582,-0.0468,1.8941,
3.280855,-0.3373,-0.7821,0.0920,-1.3735,1.7427,2.8849,-2.0582,-0.0468,1.8941,
3.282890,-0.3373,-0.7821,0.0920,-1.3735,1.7427,2.8849,-2.1987,-0.6901,1.7506,
3.289982,-0.3373,-0.7821,0.0920,-1.3735,1.7427,2.8849,-2.0924,-0.9552,1.5221,
3.296870,-0.4581,-0.7517,0.2311,-1.3735,1.7427,2.8849,-2.0924,-0.9552,1.5221,
3.299472,-0.4581,-0.7517,0.2311,-2.2055,1.9042,4.5012,-2.0924,-0.9552,1.5221,
3.301342,-0.4581,-0.7517,0.2311,-2.2055,1.9042,4.5012,-1.7766,-0.6858,1.2820,
3.311318,-0.4581,-0.7517,0.2311,-2.2055,1.9042,4.5012,-1.4388,-0.1042,1.1153,
3.316590,-0.4873,-0.8243,0.0461,-2.2055,1.9042,4.5012,-1.4388,-0.1042,1.1153,
3.318631,-0.4873,-0.8243,0.0461,-2.2234,1.0830,2.8457,-1.4388,-0.1042,1.1153,
3.320701,-0.4873,-0.8243,0.0461,-2.2234,1.0830,2.8457,-1.2158,0.4908,1.0859,
3.330203,-0.4873,-0.8243,0.0461,-2.2234,1.0830,2.8457,-1.0845,1.0637,1.1250,
3.336668,-0.2849,-0.7721,0.0271,-2.2234,1.0830,2.8457,-1.0845,1.0637,1.1250,
3.338724,-0.2849,-0.7721,0.0271,-0.0529,1.5051,2.7894,-1.0845,1.0637,1.1250,
3.341979,-0.2849,-0.7721,0.0271,-0.0529,1.5051,2.7894,-0.9263,1.6343,1.1434,
3.350230,-0.2849,-0.7721,0.0271,-0.0529,1.5051,2.7894,-0.7748,2.0790,1.0927,
3.356703,-0.0360,-0.6535,-0.0114,-0.0529,1.5051,2.7894,-0.7748,2.0790,1.0927,
3.358963,-0.0360,-0.6535,-0.0114,2.4867,2.5973,2.5482,-0.7748,2.0790,1.0927,
3.361356,-0.0360,-0.6535,-0.0114,2.4867,2.5973,2.5482,-0.6270,2.4131,0.9790,
3.370263,-0.0360,-0.6535,-0.0114,2.4867,2.5973,2.5482,-0.4779,2.6050,0.6596,
3.378169,0.1459,-0.5337,-0.0297,2.4867,2.5973,2.5482,-0.4779,2.6050,0.6596,
3.380661,0.1459,-0.5337,-0.0297,4.2349,3.7448,2.4928,-0.4779,2.6050,0.6596,
3.383278,0.1459,-0.5337,-0.0297,4.2349,3.7448,2.4928,-0.1914,2.5072,0.4684,
3.390039,0.1459,-0.5337,-0.0297,4.2349,3.7448,2.4928,-0.0754,2.2445,0.2625,
3.397843,0.2480,-0.4566,-0.0717,4.2349,3.7448,2.4928,-0.0754,2.2445,0.2625,
3.400308,0.2480,-0.4566,-0.0717,5.0763,4.5329,2.1310,-0.0754,2.2445,0.2625,
3.402841,0.2480,-0.4566,-0.0717,5.0763,4.5329,2.1310,0.0688,1.8670,0.0658,
3.411616,0.2480,-0.4566,-0.0717,5.0763,4.5329,2.1310,0.2472,1.3808,-0.1040,
3.417546,0.2564,-0.3935,-0.1761,5.0763,4.5329,2.1310,0.2472,1.3808,-0.1040,
3.419785,0.2564,-0.3935,-0.1761,4.9405,5.2162,1.0977,0.2472,1.3808,-0.1040,
3.421684,0.2564,-0.3935,-0.1761,4.9405,5.2162,1.0977,0.4146,0.9605,-0.2549,
3.430331,0.2564,-0.3935,-0.1761,4.9405,5.2162,1.0977,0.6210,0.6477,-0.3966,
3.436711,0.0823,-0.3356,-0.1886,4.9405,5.2162,1.0977,0.6210,0.6477,-0.3966,
3.438546,0.0823,-0.3356,-0.1886,3.0898,5.8416,0.9087,0.6210,0.6477,-0.3966,
3.440976,0.0823,-0.3356,-0.1886,3.0898,5.8416,0.9087,0.8941,0.4205,-0.5274,
3.450224,0.0823,-0.3356,-0.1886,3.0898,5.8416,0.9087,1.1519,0.2568,-0.7479,
3.456712,-0.0627,-0.5426,-0.3334,3.0898,5.8416,0.9087,1.1519,0.2568,-0.7479,
3.459562,-0.0627,-0.5426,-0.3334,1.4835,3.9050,-0.6756,1.1519,0.2568,-0.7479,
3.462004,-0.0627,-0.5426,-0.3334,1.4835,3.9050,-0.6756,1.3632,0.1597,-0.9782,
3.470267,-0.0627,-0.5426,-0.3334,1.4835,3.9050,-0.6756,1.5001,0.2195,-1.1181,
3.478369,-0.1560,-0.6946,-0.5292,1.4835,3.9050,-0.6756,1.5001,0.2195,-1.1181,
3.481101,-0.1560,-0.6946,-0.5292,0.3053,2.5220,-2.7813,1.5001,0.2195,-1.1181,
3.483455,-0.1560,-0.6946,-0.5292,0.3053,2.5220,-2.7813,1.5740,0.4003,-1.1608,
3.489954,-0.1560,-0.6946,-0.5292,0.3053,2.5220,-2.7813,1.6253,0.4993,-1.1791,
3.496632,-0.2018,-1.0344,-0.7912,0.3053,2.5220,-2.7813,1.6253,0.4993,-1.1791,
3.499301,-0.2018,-1.0344,-0.7912,-0.4093,-0.7185,-5.5170,1.6253,0.4993,-1.1791,
3.501545,-0.2018,-1.0344,-0.7912,-0.4093,-0.7185,-5.5170,1.6155,0.3716,-1.1975,
3.511727,-0.2018,-1.0344,-0.7912,-0.4093,-0.7185,-5.5170,1.4848,0.1016,-1.2091,
3.516591,-0.4321,-1.4021,-1.2212,-0.4093,-0.7185,-5.5170,1.4848,0.1016,-1.2091,
3.518858,-0.4321,-1.4021,-1.2212,-2.8927,-4.2564,-9.8634,1.4848,0.1016,-1.2091,
3.521168,-0.4321,-1.4021,-1.2212,-2.8927,-4.2564,-9.8634,1.1977,-0.0248,-1.1407,
3.530254,-0.4321,-1.4021,-1.2212,-2.8927,-4.2564,-9.8634,0.7078,0.1413,-0.9018,
3.536345,-0.7311,-1.5055,-1.2325,-2.8927,-4.2564,-9.8634,0.7078,0.1413,-0.9018,
3.537874,-0.7311,-1.5055,-1.2325,-5.9660,-5.2477,-9.9909,0.7078,0.1413,-0.9018,
3.539674,-0.7311,-1.5055,-1.2325,-5.9660,-5.2477,-9.9909,0.1635,0.2305,-0.5848,
3.549633,-0.7311,-1.5055,-1.2325,-5.9660,-5.2477,-9.9909,-0.1193,-0.1470,-0.2867,
3.556245,-0.6823,-1.2186,-0.7498,-5.9660,-5.2477,-9.9909,-0.1193,-0.1470,-0.2867,
3.558408,-0.6823,-1.2186,-0.7498,-5.5067,-2.4603,-5.1411,-0.1193,-0.1470,-0.2867,
3.560406,-0.6823,-1.2186,-0.7498,-5.5067,-2.4603,-5.1411,-0.0332,-0.8922,0.2087,
3.569786,-0.6823,-1.2186,-0.7498,-5.5067,-2.4603,-5.1411,0.1317,-0.9637,0.3303,
3.577716,-0.2851,-1.1077,-0.5669,-5.5067,-2.4603,-5.1411,0.1317,-0.9637,0.3303,
3.579588,-0.2851,-1.1077,-0.5669,-1.4581,-1.4167,-3.2537,0.1317,-0.9637,0.3303,
3.580901,-0.2851,-1.1077,-0.5669,-1.4581,-1.4167,-3.2537,0.3602,-1.2765,0.3156,
3.589531,-0.2851,-1.1077,-0.5669,-1.4581,-1.4167,-3.2537,0.6620,-1.6564,0.2130,
3.596136,-0.2121,-1.0120,-0.2836,-1.4581,-1.4167,-3.2537,0.6620,-1.6564,0.2130,
3.597413,-0.2121,-1.0120,-0.2836,-0.5788,-0.4957,-0.5119,0.6620,-1.6564,0.2130,
3.599327,-0.2121,-1.0120,-0.2836,-0.5788,-0.4957,-0.5119,0.9582,-1.6589,0.1147,
3.610067,-0.2121,-1.0120,-0.2836,-0.5788,-0.4957,-0.5119,1.2185,-1.3999,-0.0002,
3.615921,-0.2256,-1.0907,0.1019,-0.5788,-0.4957,-0.5119,1.2185,-1.3999,-0.0002,
3.617086,-0.2256,-1.0907,0.1019,-0.5963,-1.2401,3.0680,1.2185,-1.3999,-0.0002,
3.619285,-0.2256,-1.0907,0.1019,-0.5963,-1.2401,3.0680,1.5080,-1.1287,-0.1407,
3.629230,-0.2256,-1.0907,0.1019,-0.5963,-1.2401,3.0680,1.7658,-0.9149,-0.3074,
3.635782,0.2444,-1.3725,0.0509,-0.5963,-1.2401,3.0680,1.7658,-0.9149,-0.3074,
3.636649,0.2444,-1.3725,0.0509,4.0004,-3.9335,2.2367,1.7658,-0.9149,-0.3074,
3.639266,0.2444,-1.3725,0.0509,4.0004,-3.9335,2.2367,1.7914,-0.6522,-0.4919,
3.649484,0.2444,-1.3725,0.0509,4.0004,-3.9335,2.2367,1.4420,-0.0975,-0.6288,
3.655836,0.2303,-1.4178,-0.1726,4.0004,-3.9335,2.2367,1.4420,-0.0975,-0.6288,
3.656732,0.2303,-1.4178,-0.1726,3.7326,-4.3064,-0.2582,1.4420,-0.0975,-0.6288,
3.661117,0.2303,-1.4178,-0.1726,3.7326,-4.3064,-0.2582,0.9601,0.5793,-0.6691,
3.669377,0.2303,-1.4178,-0.1726,3.7326,-4.3064,-0.2582,0.7328,0.8371,-0.6068,
3.676851,0.1474,-0.9292,-0.3706,3.7326,-4.3064,-0.2582,0.7328,0.8371,-0.6068,
3.678475,0.1474,-0.9292,-0.3706,2.7253,0.5243,-2.2975,0.7328,0.8371,-0.6068,
3.679672,0.1474,-0.9292,-0.3706,2.7253,0.5243,-2.2975,0.7866,0.4138,-0.4241,
3.689404,0.1474,-0.9292,-0.3706,2.7253,0.5243,-2.2975,0.7945,-0.4591,-0.3343,
3.695907,0.4770,-0.3711,0.0520,2.7253,0.5243,-2.2975,0.7945,-0.4591,-0.3343,
3.697113,0.4770,-0.3711,0.0520,5.7806,6.0313,1.7250,0.7945,-0.4591,-0.3343,
3.699316,0.4770,-0.3711,0.0520,5.7806,6.0313,1.7250,0.8299,-1.5917,-0.6202,
3.709950,0.4770,-0.3711,0.0520,5.7806,6.0313,1.7250,0.9857,-2.3449,-1.0680,
3.716003,0.2524,-0.5724,0.4352,5.7806,6.0313,1.7250,0.9857,-2.3449,-1.0680,
3.716840,0.2524,-0.5724,0.4352,3.3433,4.1102,5.2338,0.9857,-2.3449,-1.0680,
3.719275,0.2524,-0.5724,0.4352,3.3433,4.1102,5.2338,1.0040,-2.0969,-1.4094,
3.729353,0.2524,-0.5724,0.4352,3.3433,4.1102,5.2338,0.9277,-1.3473,-1.7057,
3.735766,-0.1237,-0.9963,0.5469,3.3433,4.1102,5.2338,0.9277,-1.3473,-1.7057,
3.736599,-0.1237,-0.9963,0.5469,-0.6771,0.0058,6.0253,0.9277,-1.3473,-1.7057,
3.739297,-0.1237,-0.9963,0.5469,-0.6771,0.0058,6.0253,0.8678,-0.5233,-1.9030,
3.749249,-0.1237,-0.9963,0.5469,-0.6771,0.0058,6.0253,0.6204,0.8267,-1.7149,
3.755721,-0.6689,-1.2340,0.3710,-0.6771,0.0058,6.0253,0.6204,0.8267,-1.7149,
3.756612,-0.6689,-1.2340,0.3710,-6.3344,-2.2980,4.0571,0.6204,0.8267,-1.7149,
3.759857,-0.6689,-1.2340,0.3710,-6.3344,-2.2980,4.0571,0.6565,1.2617,-1.3655,
3.770161,-0.6689,-1.2340,0.3710,-6.3344,-2.2980,4.0571,0.8709,1.4584,-0.8584,
3.779826,-0.8459,-1.0950,0.1642,-6.3344,-2.2980,4.0571,0.8709,1.4584,-0.8584,
3.782706,-0.8459,-1.0950,0.1642,-8.1788,-0.9267,1.8018,0.8709,1.4584,-0.8584,
3.785072,-0.8459,-1.0950,0.1642,-8.1788,-0.9267,1.8018,1.0657,1.4687,-0.3087,
3.790289,-0.8459,-1.0950,0.1642,-8.1788,-0.9267,1.8018,1.1494,1.3863,0.1739,
3.796572,-0.3360,-0.9933,-0.0506,-8.1788,-0.9267,1.8018,1.1494,1.3863,0.1739,
3.799988,-0.3360,-0.9933,-0.0506,-3.0803,0.0693,-0.5630,1.1494,1.3863,0.1739,
3.802071,-0.3360,-0.9933,-0.0506,-3.0803,0.0693,-0.5630,1.1861,1.3252,0.4830,
3.812779,-0.3360,-0.9933,-0.0506,-3.0803,0.0693,-0.5630,1.1983,1.1957,0.5319,
3.817042,0.3159,-0.7765,-0.2619,-3.0803,0.0693,-0.5630,1.1983,1.1957,0.5319,
3.819797,0.3159,-0.7765,-0.2619,3.4484,2.1860,-2.8573,1.1983,1.1957,0.5319,
3.822069,0.3159,-0.7765,-0.2619,3.4484,2.1860,-2.8573,1.1342,0.9232,0.4305,
3.830036,0.3159,-0.7765,-0.2619,3.4484,2.1860,-2.8573,1.0169,0.6703,0.2741,
3.836467,0.2630,-0.8072,-0.2042,3.4484,2.1860,-2.8573,1.0169,0.6703,0.2741,
3.838159,0.2630,-0.8072,-0.2042,3.0042,1.8755,-2.4734,1.0169,0.6703,0.2741,
3.841396,0.2630,-0.8072,-0.2042,3.0042,1.8755,-2.4734,0.8837,0.4321,0.0866,
3.849848,0.2630,-0.8072,-0.2042,3.0042,1.8755,-2.4734,0.7866,0.1218,-0.1059,
3.856409,0.0476,-0.8187,-0.0551,3.0042,1.8755,-2.4734,0.7866,0.1218,-0.1059,
3.858567,0.0476,-0.8187,-0.0551,0.8867,1.7563,-1.1397,0.7866,0.1218,-0.1059,
3.861117,0.0476,-0.8187,-0.0551,0.8867,1.7563,-1.1397,0.7230,-0.1555,-0.2409,
3.869862,0.0476,-0.8187,-0.0551,0.8867,1.7563,-1.1397,0.6864,-0.3339,-0.3136,
3.879262,-0.0447,-0.8568,0.1137,0.8867,1.7563,-1.1397,0.6864,-0.3339,-0.3136,
3.882030,-0.0447,-0.8568,0.1137,-0.0782,1.3768,0.3905,0.6864,-0.3339,-0.3136,
3.884033,-0.0447,-0.8568,0.1137,-0.0782,1.3768,0.3905,0.6925,-0.4310,-0.3728,
3.890033,-0.0447,-0.8568,0.1137,-0.0782,1.3768,0.3905,0.7347,-0.4378,-0.4156,
3.900474,-0.1634,-0.8883,0.1279,-0.0782,1.3768,0.3905,0.7347,-0.4378,-0.4156,
3.902323,-0.1634,-0.8883,0.1279,-1.3187,1.0597,0.3958,0.7347,-0.4378,-0.4156,
3.903982,-0.1634,-0.8883,0.1279,-1.3187,1.0597,0.3958,0.7896,-0.3681,-0.4241,
3.911382,-0.1634,-0.8883,0.1279,-1.3187,1.0597,0.3958,0.8422,-0.2447,-0.3881,
3.916219,-0.1941,-0.9265,0.1692,-1.3187,1.0597,0.3958,0.8422,-0.2447,-0.3881,
3.917784,-0.1941,-0.9265,0.1692,-1.6844,0.6718,0.6454,0.8422,-0.2447,-0.3881,
3.919640,-0.1941,-0.9265,0.1692,-1.6844,0.6718,0.6454,0.9362,-0.2160,-0.3264,
3.929888,-0.1941,-0.9265,0.1692,-1.6844,0.6718,0.6454,1.1726,-0.1152,-0.2036,
3.936351,-0.0828,-0.9115,0.0214,-1.6844,0.6718,0.6454,1.1726,-0.1152,-0.2036,
3.937968,-0.0828,-0.9115,0.0214,-0.6271,0.7980,-0.9937,1.1726,-0.1152,-0.2036,
3.939748,-0.0828,-0.9115,0.0214,-0.6271,0.7980,-0.9937,1.1507,0.1059,-0.2146,
3.949803,-0.0828,-0.9115,0.0214,-0.6271,0.7980,-0.9937,1.0853,0.2244,-0.3007,
3.956292,0.0665,-0.8485,-0.0838,-0.6271,0.7980,-0.9937,1.0853,0.2244,-0.3007,
3.958234,0.0665,-0.8485,-0.0838,0.8029,1.3925,-2.2037,1.0853,0.2244,-0.3007,
3.960438,0.0665,-0.8485,-0.0838,0.8029,1.3925,-2.2037,1.0334,0.2024,-0.4266,
3.969682,0.0665,-0.8485,-0.0838,0.8029,1.3925,-2.2037,0.9753,0.1676,-0.5506,
3.978630,-0.0203,-0.8196,-0.0489,0.8029,1.3925,-2.2037,0.9753,0.1676,-0.5506,
3.981003,-0.0203,-0.8196,-0.0489,-0.1206,1.6558,-1.9957,0.9753,0.1676,-0.5506,
3.982501,-0.0203,-0.8196,-0.0489,-0.1206,1.6558,-1.9957,0.9161,0.2067,-0.6000,
3.989798,-0.0203,-0.8196,-0.0489,-0.1206,1.6558,-1.9957,0.9039,0.2855,-0.6361,
3.996508,-0.0858,-0.9442,0.1096,-0.1206,1.6558,-1.9957,0.9039,0.2855,-0.6361,
3.998659,-0.0858,-0.9442,0.1096,-0.8515,0.4141,-0.5709,0.9039,0.2855,-0.6361,
4.000326,-0.0858,-0.9442,0.1096,-0.8515,0.4141,-0.5709,0.9778,0.3582,-0.6605,
4.014466,-0.0858,-0.9442,0.1096,-0.8515,0.4141,-0.5709,1.0676,0.4486,-0.6080,
4.017541,-0.0517,-1.0144,-0.0421,-0.8515,0.4141,-0.5709,1.0676,0.4486,-0.6080,
4.019389,-0.0517,-1.0144,-0.0421,-0.5989,-0.2965,-2.1881,1.0676,0.4486,-0.6080,
4.021247,-0.0517,-1.0144,-0.0421,-0.5989,-0.2965,-2.1881,1.1213,0.5091,-0.5408,
4.029881,-0.0517,-1.0144,-0.0421,-0.5989,-0.2965,-2.1881,1.0865,0.4889,-0.5274,
4.036664,0.0426,-1.0619,-0.2042,-0.5989,-0.2965,-2.1881,1.0865,0.4889,-0.5274,
4.038365,0.0426,-1.0619,-0.2042,0.2595,-0.7850,-3.8921,1.0865,0.4889,-0.5274,
4.040213,0.0426,-1.0619,-0.2042,0.2595,-0.7850,-3.8921,0.9411,0.2849,-0.4834,
4.050013,0.0426,-1.0619,-0.2042,0.2595,-0.7850,-3.8921,0.7762,0.0137,-0.4718,
4.056774,0.0905,-1.0863,-0.1419,0.2595,-0.7850,-3.8921,0.7762,0.0137,-0.4718,
4.059469,0.0905,-1.0863,-0.1419,0.6502,-1.0372,-3.3377,0.7762,0.0137,-0.4718,
4.062229,0.0905,-1.0863,-0.1419,0.6502,-1.0372,-3.3377,0.6088,-0.3034,-0.5170,
4.070426,0.0905,-1.0863,-0.1419,0.6502,-1.0372,-3.3377,0.4616,-0.6674,-0.5677,
4.079450,-0.0304,-1.1521,0.0484,0.6502,-1.0372,-3.3377,0.4616,-0.6674,-0.5677,
4.082479,-0.0304,-1.1521,0.0484,-0.6429,-1.6867,-1.4771,0.4616,-0.6674,-0.5677,
4.084867,-0.0304,-1.1521,0.0484,-0.6429,-1.6867,-1.4771,0.3681,-0.9094,-0.5799,
4.090087,-0.0304,-1.1521,0.0484,-0.6429,-1.6867,-1.4771,0.3272,-0.9436,-0.5719,
4.096452,-0.1823,-1.1855,0.0370,-0.6429,-1.6867,-1.4771,0.3272,-0.9436,-0.5719,
4.099316,-0.1823,-1.1855,0.0370,-2.2393,-2.0125,-1.5616,0.3272,-0.9436,-0.5719,
4.101281,-0.1823,-1.1855,0.0370,-2.2393,-2.0125,-1.5616,0.3046,-0.8501,-0.5304,
4.111902,-0.1823,-1.1855,0.0370,-2.2393,-2.0125,-1.5616,0.1824,-0.6754,-0.4046,
4.116491,-0.2626,-1.1572,-0.0088,-2.2393,-2.0125,-1.5616,0.1824,-0.6754,-0.4046,
4.118217,-0.2626,-1.1572,-0.0088,-3.0847,-1.7291,-1.9671,0.1824,-0.6754,-0.4046,
4.119934,-0.2626,-1.1572,-0.0088,-3.0847,-1.7291,-1.9671,0.0804,-0.7127,-0.3514,
4.129965,-0.2626,-1.1572,-0.0088,-3.0847,-1.7291,-1.9671,0.0059,-0.7530,-0.2769,
4.136675,-0.3464,-1.1144,0.0602,-3.0847,-1.7291,-1.9671,0.0059,-0.7530,-0.2769,
4.138697,-0.3464,-1.1144,0.0602,-3.9083,-1.2966,-1.2194,0.0059,-0.7530,-0.2769,
4.140844,-0.3464,-1.1144,0.0602,-3.9083,-1.2966,-1.2194,-0.0454,-0.7536,-0.1792,
4.150311,-0.3464,-1.1144,0.0602,-3.9083,-1.2966,-1.2194,-0.0790,-0.7010,-0.1077,
4.156683,-0.3450,-1.2518,0.0916,-3.9083,-1.2966,-1.2194,-0.0790,-0.7010,-0.1077,
4.160598,-0.3450,-1.2518,0.0916,-3.8506,-2.6265,-0.8321,-0.0790,-0.7010,-0.1077,
4.165923,-0.3450,-1.2518,0.0916,-3.8506,-2.6265,-0.8321,-0.0980,-0.6626,-0.0564,
4.170175,-0.3450,-1.2518,0.0916,-3.8506,-2.6265,-0.8321,-0.2085,-0.6363,0.0450,
4.179360,-0.3832,-1.3640,-0.1719,-3.8506,-2.6265,-0.8321,-0.2085,-0.6363,0.0450,
4.182526,-0.3832,-1.3640,-0.1719,-4.1441,-3.7028,-3.3050,-0.2085,-0.6363,0.0450,
4.185030,-0.3832,-1.3640,-0.1719,-4.1441,-3.7028,-3.3050,-0.4571,-0.5208,0.2167,
4.190150,-0.3832,-1.3640,-0.1719,-4.1441,-3.7028,-3.3050,-0.7644,-0.3278,0.4177,
4.196842,-0.2830,-1.2822,-0.1705,-4.1441,-3.7028,-3.3050,-0.7644,-0.3278,0.4177,
4.200491,-0.2830,-1.2822,-0.1705,-3.0161,-2.8659,-3.0922,-0.7644,-0.3278,0.4177,
4.202406,-0.2830,-1.2822,-0.1705,-3.0161,-2.8659,-3.0922,-1.0790,-0.1849,0.6217,
4.212098,-0.2830,-1.2822,-0.1705,-3.0161,-2.8659,-3.0922,-1.3789,-0.1891,0.8147,
4.216448,-0.1080,-1.1514,-0.1535,-3.0161,-2.8659,-3.0922,-1.3789,-0.1891,0.8147,
4.218353,-0.1080,-1.1514,-0.1535,-1.0890,-1.5399,-2.6115,-1.3789,-0.1891,0.8147,
4.220536,-0.1080,-1.1514,-0.1535,-1.0890,-1.5399,-2.6115,-1.6972,-0.3015,0.9430,
4.229971,-0.1080,-1.1514,-0.1535,-1.0890,-1.5399,-2.6115,-1.9874,-0.3810,1.0255,
4.236330,0.0161,-1.2582,-0.2464,-1.0890,-1.5399,-2.6115,-1.9874,-0.3810,1.0255,
4.238090,0.0161,-1.2582,-0.2464,0.3572,-2.5489,-3.0916,-1.9874,-0.3810,1.0255,
4.240108,0.0161,-1.2582,-0.2464,0.3572,-2.5489,-3.0916,-2.1853,-0.3761,1.0908,
4.249912,0.0161,-1.2582,-0.2464,0.3572,-2.5489,-3.0916,-2.3197,-0.4323,1.2057,
4.256526,0.2557,-1.3807,-0.3220,0.3572,-2.5489,-3.0916,-2.3197,-0.4323,1.2057,
4.258641,0.2557,-1.3807,-0.3220,2.9233,-3.7346,-3.3297,-2.3197,-0.4323,1.2057,
4.261140,0.2557,-1.3807,-0.3220,2.9233,-3.7346,-3.3297,-2.4944,-0.7133,1.3065,
4.269957,0.2557,-1.3807,-0.3220,2.9233,-3.7346,-3.3297,-2.7064,-1.0993,1.3737,
4.279117,0.3382,-1.3768,0.1385,2.9233,-3.7346,-3.3297,-2.7064,-1.0993,1.3737,
4.281491,0.3382,-1.3768,0.1385,3.9637,-3.7131,1.6939,-2.7064,-1.0993,1.3737,
4.283393,0.3382,-1.3768,0.1385,3.9637,-3.7131,1.6939,-2.7742,-1.5459,1.3950,
4.290062,0.3382,-1.3768,0.1385,3.9637,-3.7131,1.6939,-2.6557,-1.9185,1.3987,
4.296487,0.2851,-1.2993,0.2538,3.9637,-3.7131,1.6939,-2.6557,-1.9185,1.3987,
4.299030,0.2851,-1.2993,0.2538,3.6635,-2.9989,3.2943,-2.6557,-1.9185,1.3987,
4.301066,0.2851,-1.2993,0.2538,3.6635,-2.9989,3.2943,-2.2678,-2.0223,1.3840,
4.312481,0.2851,-1.2993,0.2538,3.6635,-2.9989,3.2943,-2.1444,-1.7945,1.3767,
4.316330,0.1281,-1.2480,-0.0208,3.6635,-2.9989,3.2943,-2.1444,-1.7945,1.3767,
4.318085,0.1281,-1.2480,-0.0208,2.3489,-2.5537,0.9492,-2.1444,-1.7945,1.3767,
4.319917,0.1281,-1.2480,-0.0208,2.3489,-2.5537,0.9492,-2.1474,-1.4487,1.3669,
4.329911,0.1281,-1.2480,-0.0208,2.3489,-2.5537,0.9492,-2.2678,-1.0889,1.3535,
4.336402,-0.0252,-1.2064,-0.1871,2.3489,-2.5537,0.9492,-2.2678,-1.0889,1.3535,
4.337986,-0.0252,-1.2064,-0.1871,1.0599,-2.2199,-0.3335,-2.2678,-1.0889,1.3535,
4.340927,-0.0252,-1.2064,-0.1871,1.0599,-2.2199,-0.3335,-2.4101,-0.8782,1.3297,
4.350072,-0.0252,-1.2064,-0.1871,1.0599,-2.2199,-0.3335,-2.4675,-0.7939,1.3101,
4.356458,-0.0735,-1.1738,0.1455,1.0599,-2.2199,-0.3335,-2.4675,-0.7939,1.3101,
4.358214,-0.0735,-1.1738,0.1455,0.7920,-1.9951,3.2922,-2.4675,-0.7939,1.3101,
4.360612,-0.0735,-1.1738,0.1455,0.7920,-1.9951,3.2922,-2.4315,-0.6174,1.2991,
4.369936,-0.0735,-1.1738,0.1455,0.7920,-1.9951,3.2922,-2.3392,-0.2111,1.2961,
4.378858,-0.0282,-1.0451,0.0959,0.7920,-1.9951,3.2922,-2.3392,-0.2111,1.2961,
4.381757,-0.0282,-1.0451,0.0959,1.4225,-0.8393,3.1457,-2.3392,-0.2111,1.2961,
4.383629,-0.0282,-1.0451,0.0959,1.4225,-0.8393,3.1457,-2.2549,0.3521,1.3156,
4.390002,-0.0282,-1.0451,0.0959,1.4225,-0.8393,3.1457,-2.2128,0.8121,1.3315,
4.396475,-0.0566,-0.9038,0.0719,1.4225,-0.8393,3.1457,-2.2128,0.8121,1.3315,
4.399180,-0.0566,-0.9038,0.0719,1.2906,0.4358,3.2358,-2.2128,0.8121,1.3315,
4.401119,-0.0566,-0.9038,0.0719,1.2906,0.4358,3.2358,-2.1541,1.0460,1.3254,
4.412107,-0.0566,-0.9038,0.0719,1.2906,0.4358,3.2358,-2.0155,1.0900,1.3315,
4.417009,-0.1290,-0.7405,0.1334,1.2906,0.4358,3.2358,-2.0155,1.0900,1.3315,
4.419364,-0.1290,-0.7405,0.1334,0.7044,1.9272,4.1266,-2.0155,1.0900,1.3315,
4.421509,-0.1290,-0.7405,0.1334,0.7044,1.9272,4.1266,-1.8047,1.0900,1.3553,
4.430227,-0.1290,-0.7405,0.1334,0.7044,1.9272,4.1266,-1.5439,1.0808,1.3847,
4.436585,-0.0746,-0.6436,0.1098,0.7044,1.9272,4.1266,-1.5439,1.0808,1.3847,
4.438734,-0.0746,-0.6436,0.1098,1.3627,2.7849,4.0951,-1.5439,1.0808,1.3847,
4.440664,-0.0746,-0.6436,0.1098,1.3627,2.7849,4.0951,-1.2659,1.0973,1.3981,
4.450282,-0.0746,-0.6436,0.1098,1.3627,2.7849,4.0951,-1.0033,1.1902,1.3889,
4.456807,-0.0151,-0.5760,0.0171,1.3627,2.7849,4.0951,-1.0033,1.1902,1.3889,
4.459288,-0.0151,-0.5760,0.0171,2.0587,3.3863,3.2894,-1.0033,1.1902,1.3889,
4.461881,-0.0151,-0.5760,0.0171,2.0587,3.3863,3.2894,-0.8005,1.3392,1.3627,
4.470380,-0.0151,-0.5760,0.0171,2.0587,3.3863,3.2894,-0.6887,1.5537,1.3107,
4.476807,0.0224,-0.5722,-0.0226,2.0587,3.3863,3.2894,-0.6887,1.5537,1.3107,
4.478464,0.0224,-0.5722,-0.0226,2.4975,3.3857,2.9575,-0.6887,1.5537,1.3107,
4.481201,0.0224,-0.5722,-0.0226,2.4975,3.3857,2.9575,-0.5225,1.7076,1.0432,
4.490153,0.0224,-0.5722,-0.0226,2.4975,3.3857,2.9575,-0.4345,1.7241,0.8727,
4.496766,0.0140,-0.5822,-0.0393,2.4975,3.3857,2.9575,-0.4345,1.7241,0.8727,
4.499661,0.0140,-0.5822,-0.0393,2.3951,3.2819,2.8244,-0.4345,1.7241,0.8727,
4.502155,0.0140,-0.5822,-0.0393,2.3951,3.2819,2.8244,-0.3710,1.9018,0.7042,
4.512967,0.0140,-0.5822,-0.0393,2.3951,3.2819,2.8244,-0.3173,2.2586,0.5563,
4.517190,-0.0365,-0.6119,-0.0330,2.3951,3.2819,2.8244,-0.3173,2.2586,0.5563,
4.519164,-0.0365,-0.6119,-0.0330,1.8025,3.0052,2.9136,-0.3173,2.2586,0.5563,
4.521313,-0.0365,-0.6119,-0.0330,1.8025,3.0052,2.9136,-0.2366,2.6447,0.4244,
4.530130,-0.0365,-0.6119,-0.0330,1.8025,3.0052,2.9136,-0.0876,2.8456,0.3413,
4.536632,0.0040,-0.4611,-0.0474,1.8025,3.0052,2.9136,-0.0876,2.8456,0.3413,
4.538737,0.0040,-0.4611,-0.0474,2.0171,4.5157,2.7963,-0.0876,2.8456,0.3413,
4.540864,0.0040,-0.4611,-0.0474,2.0171,4.5157,2.7963,0.1470,2.7815,0.3016,
4.550470,0.0040,-0.4611,-0.0474,2.0171,4.5157,2.7963,0.4848,2.4773,0.2478,
4.556644,0.1375,-0.2486,-0.1209,2.0171,4.5157,2.7963,0.4848,2.4773,0.2478,
4.559131,0.1375,-0.2486,-0.1209,3.1840,6.6195,2.1005,0.4848,2.4773,0.2478,
4.561559,0.1375,-0.2486,-0.1209,3.1840,6.6195,2.1005,0.8874,2.0686,0.1696,
4.570436,0.1375,-0.2486,-0.1209,3.1840,6.6195,2.1005,1.2838,1.5194,0.0682,
4.580563,0.0826,-0.3799,-0.2315,3.1840,6.6195,2.1005,1.2838,1.5194,0.0682,
4.583608,0.0826,-0.3799,-0.2315,2.5506,5.3987,0.8832,1.2838,1.5194,0.0682,
4.586130,0.0826,-0.3799,-0.2315,2.5506,5.3987,0.8832,1.6088,0.9355,-0.0894,
4.590132,0.0826,-0.3799,-0.2315,2.5506,5.3987,0.8832,1.8128,0.5005,-0.2879,
4.596892,-0.0189,-0.6000,-0.4740,2.5506,5.3987,0.8832,1.8128,0.5005,-0.2879,
4.599948,-0.0189,-0.6000,-0.4740,1.4360,3.3533,-1.7665,1.8128,0.5005,-0.2879,
4.602247,-0.0189,-0.6000,-0.4740,1.4360,3.3533,-1.7665,1.8476,0.3167,-0.4883,
4.613082,-0.0189,-0.6000,-0.4740,1.4360,3.3533,-1.7665,1.6925,0.3637,-0.6214,
4.617227,-0.2072,-1.0712,-0.7228,1.4360,3.3533,-1.7665,1.6925,0.3637,-0.6214,
4.619834,-0.2072,-1.0712,-0.7228,-0.5697,-1.1660,-4.4447,1.6925,0.3637,-0.6214,
4.622007,-0.2072,-1.0712,-0.7228,-0.5697,-1.1660,-4.4447,1.4084,0.5830,-0.6727,
4.630114,-0.2072,-1.0712,-0.7228,-0.5697,-1.1660,-4.4447,1.0425,0.9159,-0.6654,
4.636908,-0.3191,-1.4418,-1.0026,-0.5697,-1.1660,-4.4447,1.0425,0.9159,-0.6654,
4.639625,-0.3191,-1.4418,-1.0026,-1.8351,-4.7451,-7.2888,1.0425,0.9159,-0.6654,
4.641823,-0.3191,-1.4418,-1.0026,-1.8351,-4.7451,-7.2888,0.6785,1.2391,-0.5671,
4.650123,-0.3191,-1.4418,-1.0026,-1.8351,-4.7451,-7.2888,0.4304,1.4095,-0.3979,
4.656625,-0.3054,-1.2549,-1.1953,-1.8351,-4.7451,-7.2888,0.4304,1.4095,-0.3979,
4.658541,-0.3054,-1.2549,-1.1953,-1.8469,-2.9122,-9.1122,0.4304,1.4095,-0.3979,
4.660996,-0.3054,-1.2549,-1.1953,-1.8469,-2.9122,-9.1122,0.3187,1.1908,-0.0490,
4.670086,-0.3054,-1.2549,-1.1953,-1.8469,-2.9122,-9.1122,0.1959,0.2220,0.0701,
4.676464,-0.3297,-1.1182,-0.9683,-1.8469,-2.9122,-9.1122,0.1959,0.2220,0.0701,
4.678432,-0.3297,-1.1182,-0.9683,-2.0967,-1.6023,-6.7784,0.1959,0.2220,0.0701,
4.680837,-0.3297,-1.1182,-0.9683,-2.0967,-1.6023,-6.7784,0.1794,-0.2838,0.1953,
4.690038,-0.3297,-1.1182,-0.9683,-2.0967,-1.6023,-6.7784,0.1665,-0.7023,0.3376,
4.696653,-0.3031,-1.1139,-0.6964,-2.0967,-1.6023,-6.7784,0.1665,-0.7023,0.3376,
4.699276,-0.3031,-1.1139,-0.6964,-1.7336,-1.5980,-4.0301,0.1665,-0.7023,0.3376,
4.701496,-0.3031,-1.1139,-0.6964,-1.7336,-1.5980,-4.0301,0.1189,-0.7072,0.4610,
4.712957,-0.3031,-1.1139,-0.6964,-1.7336,-1.5980,-4.0301,0.0383,-0.1598,0.5148,
4.716925,-0.2602,-0.9971,-0.7424,-1.7336,-1.5980,-4.0301,0.0383,-0.1598,0.5148,
4.719395,-0.2602,-0.9971,-0.7424,-1.1758,-0.5030,-4.3830,0.0383,-0.1598,0.5148,
4.721553,-0.2602,-0.9971,-0.7424,-1.1758,-0.5030,-4.3830,-0.0515,0.4474,0.5136,
4.730475,-0.2602,-0.9971,-0.7424,-1.1758,-0.5030,-4.3830,-0.0069,0.5634,0.3975,
4.736637,-0.1009,-1.2894,-0.6728,-1.1758,-0.5030,-4.3830,-0.0069,0.5634,0.3975,
4.739028,-0.1009,-1.2894,-0.6728,0.4449,-3.4159,-3.5782,-0.0069,0.5634,0.3975,
4.741471,-0.1009,-1.2894,-0.6728,0.4449,-3.4159,-3.5782,0.1598,0.1016,0.2283,
4.750311,-0.1009,-1.2894,-0.6728,0.4449,-3.4159,-3.5782,0.3058,-0.4616,0.1110,
4.756665,0.0286,-1.1369,-0.3025,0.4449,-3.4159,-3.5782,0.3058,-0.4616,0.1110,
4.758786,0.0286,-1.1369,-0.3025,1.7408,-1.9330,0.0759,0.3058,-0.4616,0.1110,
4.761707,0.0286,-1.1369,-0.3025,1.7408,-1.9330,0.0759,0.3730,-0.6809,0.0591,
4.770299,0.0286,-1.1369,-0.3025,1.7408,-1.9330,0.0759,0.3486,-0.5441,0.0194,
4.776928,0.0420,-1.0269,-0.1793,1.7408,-1.9330,0.0759,0.3486,-0.5441,0.0194,
4.779219,0.0420,-1.0269,-0.1793,1.8917,-0.8429,1.2346,0.3486,-0.5441,0.0194,
4.781125,0.0420,-1.0269,-0.1793,1.8917,-0.8429,1.2346,0.1824,-0.2979,-0.0930,
4.789967,0.0420,-1.0269,-0.1793,1.8917,-0.8429,1.2346,-0.1261,0.1328,-0.1181,
4.797302,0.0928,-0.6921,0.0500,1.8917,-0.8429,1.2346,-0.1261,0.1328,-0.1181,
4.800219,0.0928,-0.6921,0.0500,2.3453,2.4452,3.4821,-0.1261,0.1328,-0.1181,
4.802174,0.0928,-0.6921,0.0500,2.3453,2.4452,3.4821,-0.2611,0.4773,-0.0203,
4.810372,0.0928,-0.6921,0.0500,2.3453,2.4452,3.4821,0.0053,0.3093,-0.1517,
4.816971,0.5404,-0.7795,-0.0831,2.3453,2.4452,3.4821,0.0053,0.3093,-0.1517,
4.819940,0.5404,-0.7795,-0.0831,6.5893,1.6011,2.2067,0.0053,0.3093,-0.1517,
4.821713,0.5404,-0.7795,-0.0831,6.5893,1.6011,2.2067,0.2380,-0.1458,-0.5970,
4.829874,0.5404,-0.7795,-0.0831,6.5893,1.6011,2.2067,0.1171,-0.3797,-1.0344,
4.836530,0.2629,-1.0034,-0.1998,6.5893,1.6011,2.2067,0.1171,-0.3797,-1.0344,
4.838397,0.2629,-1.0034,-0.1998,3.6261,-0.5450,1.0082,0.1171,-0.3797,-1.0344,
4.841323,0.2629,-1.0034,-0.1998,3.6261,-0.5450,1.0082,-0.0210,-0.2124,-1.1480,
4.850042,0.2629,-1.0034,-0.1998,3.6261,-0.5450,1.0082,0.7505,-1.9154,-0.5854,
4.856368,-0.3805,-1.3936,0.5182,3.6261,-0.5450,1.0082,0.7505,-1.9154,-0.5854,
4.858216,-0.3805,-1.3936,0.5182,-2.8191,-4.2981,7.8602,0.7505,-1.9154,-0.5854,
4.861110,-0.3805,-1.3936,0.5182,-2.8191,-4.2981,7.8602,1.0688,-3.5171,-0.4467,
4.869986,-0.3805,-1.3936,0.5182,-2.8191,-4.2981,7.8602,1.2594,-3.9038,-0.3716,
4.877078,-0.3071,-1.0581,0.9499,-2.8191,-4.2981,7.8602,1.2594,-3.9038,-0.3716,
4.879812,-0.3071,-1.0581,0.9499,-1.9902,-0.8943,11.6231,1.2594,-3.9038,-0.3716,
4.881726,-0.3071,-1.0581,0.9499,-1.9902,-0.8943,11.6231,1.4109,-3.0975,-0.3007,
4.889975,-0.3071,-1.0581,0.9499,-1.9902,-0.8943,11.6231,1.5618,-1.8519,-0.2891,
4.896351,-0.1913,-0.9137,0.4879,-1.9902,-0.8943,11.6231,1.5618,-1.8519,-0.2891,
4.898823,-0.1913,-0.9137,0.4879,-0.8028,0.6268,6.5765,1.5618,-1.8519,-0.2891,
4.901291,-0.1913,-0.9137,0.4879,-0.8028,0.6268,6.5765,1.6998,-0.5373,-0.2445,
4.910042,-0.1913,-0.9137,0.4879,-0.8028,0.6268,6.5765,1.7346,0.6691,-0.3068,
4.916447,0.0789,-0.9280,-0.5111,-0.8028,0.6268,6.5765,1.7346,0.6691,-0.3068,
4.919185,0.0789,-0.9280,-0.5111,1.7734,0.5634,-3.6315,1.7346,0.6691,-0.3068,
4.920872,0.0789,-0.9280,-0.5111,1.7734,0.5634,-3.6315,1.5654,1.4388,-0.4962,
4.930044,0.0789,-0.9280,-0.5111,1.7734,0.5634,-3.6315,1.3211,1.4541,-0.6257,
4.936732,0.0861,-0.9657,-0.0131,1.7734,0.5634,-3.6315,1.3211,1.4541,-0.6257,
4.939065,0.0861,-0.9657,-0.0131,1.6728,0.2496,0.9316,1.3211,1.4541,-0.6257,
4.941183,0.0861,-0.9657,-0.0131,1.6728,0.2496,0.9316,1.2612,0.8389,-0.7644,
4.950371,0.0861,-0.9657,-0.0131,1.6728,0.2496,0.9316,1.4292,0.3081,-0.7827,
4.956724,0.0051,-0.9874,0.2847,1.6728,0.2496,0.9316,1.4292,0.3081,-0.7827,
4.958839,0.0051,-0.9874,0.2847,0.6954,0.0821,3.5188,1.4292,0.3081,-0.7827,
4.961544,0.0051,-0.9874,0.2847,0.6954,0.0821,3.5188,1.7096,0.1890,-0.7088,
4.970258,0.0051,-0.9874,0.2847,0.6954,0.0821,3.5188,1.8776,0.3747,-0.6428,
4.976827,-0.0092,-0.9738,0.0478,0.6954,0.0821,3.5188,1.8776,0.3747,-0.6428,
4.979627,-0.0092,-0.9738,0.0478,0.4068,0.2450,0.8037,1.8776,0.3747,-0.6428,
4.981711,-0.0092,-0.9738,0.0478,0.4068,0.2450,0.8037,1.8379,0.6013,-0.5298,
4.990498,-0.0092,-0.9738,0.0478,0.4068,0.2450,0.8037,1.6870,0.7614,-0.5023,
4.997587,0.0871,-0.9585,-0.0484,0.4068,0.2450,0.8037,1.6870,0.7614,-0.5023,
5.000950,0.0871,-0.9585,-0.0484,1.2354,0.4056,-0.4897,1.6870,0.7614,-0.5023,
5.003099,0.0871,-0.9585,-0.0484,1.2354,0.4056,-0.4897,1.5557,0.8261,-0.4693,
5.011572,0.0871,-0.9585,-0.0484,1.2354,0.4056,-0.4897,1.4683,0.8695,-0.5066,
5.016820,0.0850,-0.8548,-0.1485,1.2354,0.4056,-0.4897,1.4683,0.8695,-0.5066,
5.020105,0.0850,-0.8548,-0.1485,1.1100,1.4208,-1.7559,1.4683,0.8695,-0.5066,
5.022377,0.0850,-0.8548,-0.1485,1.1100,1.4208,-1.7559,1.4060,0.8793,-0.5127,
5.030444,0.0850,-0.8548,-0.1485,1.1100,1.4208,-1.7559,1.2215,0.6575,-0.7778,
5.036560,0.0872,-0.9160,-0.1501,1.1100,1.4208,-1.7559,1.2215,0.6575,-0.7778,
5.038662,0.0872,-0.9160,-0.1501,0.9922,0.8145,-1.9974,1.2215,0.6575,-0.7778,
5.040856,0.0872,-0.9160,-0.1501,0.9922,0.8145,-1.9974,1.1244,0.4901,-0.8114,
5.050382,0.0872,-0.9160,-0.1501,0.9922,0.8145,-1.9974,1.0627,0.1865,-0.6544,
5.056601,-0.1669,-0.8010,-0.0487,0.9922,0.8145,-1.9974,1.0627,0.1865,-0.6544,
5.058635,-0.1669,-0.8010,-0.0487,-1.6339,1.9319,-1.1821,1.0627,0.1865,-0.6544,
5.060976,-0.1669,-0.8010,-0.0487,-1.6339,1.9319,-1.1821,0.9949,-0.1623,-0.5616,
5.070355,-0.1669,-0.8010,-0.0487,-1.6339,1.9319,-1.1821,0.9625,-0.4653,-0.5286,
5.076800,-0.1422,-0.9045,0.1148,-1.6339,1.9319,-1.1821,0.9625,-0.4653,-0.5286,
5.079207,-0.1422,-0.9045,0.1148,-1.4877,0.9028,0.2532,0.9625,-0.4653,-0.5286,
5.081543,-0.1422,-0.9045,0.1148,-1.4877,0.9028,0.2532,1.0169,-0.5098,-0.4889,
5.090390,-0.1422,-0.9045,0.1148,-1.4877,0.9028,0.2532,1.1299,-0.2899,-0.3893,
5.098594,-0.1102,-1.0045,0.2176,-1.4877,0.9028,0.2532,1.1299,-0.2899,-0.3893,
5.102032,-0.1102,-1.0045,0.2176,-1.2464,-0.0970,1.0624,1.1299,-0.2899,-0.3893,
5.104330,-0.1102,-1.0045,0.2176,-1.2464,-0.0970,1.0624,1.2478,-0.0126,-0.3423,
5.110386,-0.1102,-1.0045,0.2176,-1.2464,-0.0970,1.0624,1.3834,0.2543,-0.2793,
5.117029,-0.0292,-0.9066,0.0271,-1.2464,-0.0970,1.0624,1.3834,0.2543,-0.2793,
5.119479,-0.0292,-0.9066,0.0271,-0.4878,0.8326,-1.0378,1.3834,0.2543,-0.2793,
5.121525,-0.0292,-0.9066,0.0271,-0.4878,0.8326,-1.0378,1.5398,0.3759,-0.2274,
5.130619,-0.0292,-0.9066,0.0271,-0.4878,0.8326,-1.0378,1.6509,0.3777,-0.2708,
5.136652,0.0015,-0.8520,-0.2438,-0.4878,0.8326,-1.0378,1.6509,0.3777,-0.2708,
5.138918,0.0015,-0.8520,-0.2438,-0.1982,1.3332,-3.9276,1.6509,0.3777,-0.2708,
5.141116,0.0015,-0.8520,-0.2438,-0.1982,1.3332,-3.9276,1.6711,0.3655,-0.3282,
5.150314,0.0015,-0.8520,-0.2438,-0.1982,1.3332,-3.9276,1.6174,0.3460,-0.3740,
5.156651,-0.0220,-0.8800,-0.2161,-0.1982,1.3332,-3.9276,1.6174,0.3460,-0.3740,
5.158560,-0.0220,-0.8800,-0.2161,-0.4583,1.0223,-3.8677,1.6174,0.3460,-0.3740,
5.161196,-0.0220,-0.8800,-0.2161,-0.4583,1.0223,-3.8677,1.4933,0.3619,-0.4314,
5.170329,-0.0220,-0.8800,-0.2161,-0.4583,1.0223,-3.8677,1.3309,0.3887,-0.4913,
5.177073,-0.0324,-0.9297,0.0009,-0.4583,1.0223,-3.8677,1.3309,0.3887,-0.4913,
5.179487,-0.0324,-0.9297,0.0009,-0.6077,0.5013,-1.9120,1.3309,0.3887,-0.4913,
5.181663,-0.0324,-0.9297,0.0009,-0.6077,0.5013,-1.9120,1.1849,0.3759,-0.5304,
5.190447,-0.0324,-0.9297,0.0009,-0.6077,0.5013,-1.9120,1.0914,0.3527,-0.5793,
5.197291,-0.0624,-0.8889,0.1097,-0.6077,0.5013,-1.9120,1.0914,0.3527,-0.5793,
5.200492,-0.0624,-0.8889,0.1097,-0.9607,0.8719,-0.9769,1.0914,0.3527,-0.5793,
5.202740,-0.0624,-0.8889,0.1097,-0.9607,0.8719,-0.9769,1.0890,0.3399,-0.6226,
5.210301,-0.0624,-0.8889,0.1097,-0.9607,0.8719,-0.9769,1.1531,0.2916,-0.6049,
5.216765,-0.0056,-1.0166,-0.0975,-0.9607,0.8719,-0.9769,1.1531,0.2916,-0.6049,
5.219703,-0.0056,-1.0166,-0.0975,-0.4766,-0.4069,-3.1205,1.1531,0.2916,-0.6049,
5.221997,-0.0056,-1.0166,-0.0975,-0.4766,-0.4069,-3.1205,1.0987,-0.0987,-0.5787,
5.230933,-0.0056,-1.0166,-0.0975,-0.4766,-0.4069,-3.1205,0.9087,-0.2954,-0.5500,
5.236606,-0.0529,-1.1281,-0.1627,-0.4766,-0.4069,-3.1205,0.9087,-0.2954,-0.5500,
5.238458,-0.0529,-1.1281,-0.1627,-1.0207,-1.5200,-3.8302,0.9087,-0.2954,-0.5500,
5.240594,-0.0529,-1.1281,-0.1627,-1.0207,-1.5200,-3.8302,0.6931,-0.4518,-0.5017,
5.250136,-0.0529,-1.1281,-0.1627,-1.0207,-1.5200,-3.8302,0.5386,-0.6088,-0.4327,
5.256479,-0.2139,-1.2024,-0.0210,-1.0207,-1.5200,-3.8302,0.5386,-0.6088,-0.4327,
5.257742,-0.2139,-1.2024,-0.0210,-2.6553,-2.2508,-2.4406,0.5386,-0.6088,-0.4327,
5.259704,-0.2139,-1.2024,-0.0210,-2.6553,-2.2508,-2.4406,0.4408,-0.7291,-0.3618,
5.269664,-0.2139,-1.2024,-0.0210,-2.6553,-2.2508,-2.4406,0.3486,-0.7371,-0.3673,
5.276507,-0.2652,-1.1000,0.2007,-2.6553,-2.2508,-2.4406,0.3486,-0.7371,-0.3673,
5.278230,-0.2652,-1.1000,0.2007,-3.1852,-1.2451,-0.2501,0.3486,-0.7371,-0.3673,
5.280261,-0.2652,-1.1000,0.2007,-3.1852,-1.2451,-0.2501,0.2857,-0.5117,-0.4101,
5.289820,-0.2652,-1.1000,0.2007,-3.1852,-1.2451,-0.2501,0.2924,-0.1323,-0.4082,
5.298395,-0.1169,-1.1415,0.0970,-3.1852,-1.2451,-0.2501,0.2924,-0.1323,-0.4082,
5.300510,-0.1169,-1.1415,0.0970,-1.7506,-1.6477,-1.2424,0.2924,-0.1323,-0.4082,
5.302636,-0.1169,-1.1415,0.0970,-1.7506,-1.6477,-1.2424,0.2356,-0.0260,-0.4357,
5.316683,-0.0244,-1.2235,0.0266,-1.7506,-1.6477,-1.2424,0.2356,-0.0260,-0.4357,
5.318965,-0.0244,-1.2235,0.0266,-0.8347,-2.4395,-1.8842,0.2356,-0.0260,-0.4357,
5.320851,-0.0244,-1.2235,0.0266,-0.8347,-2.4395,-1.8842,0.0829,-0.4372,-0.4137,
5.330448,-0.0244,-1.2235,0.0266,-0.8347,-2.4395,-1.8842,0.0554,-0.7829,-0.4125,
5.336646,-0.2008,-1.0080,0.0342,-0.8347,-2.4395,-1.8842,0.0554,-0.7829,-0.4125,
5.338227,-0.2008,-1.0080,0.0342,-2.6316,-0.3185,-1.7471,0.0554,-0.7829,-0.4125,
5.340278,-0.2008,-1.0080,0.0342,-2.6316,-0.3185,-1.7471,0.0432,-0.7939,-0.2964,
5.350225,-0.2008,-1.0080,0.0342,-2.6316,-0.3185,-1.7471,-0.0100,-0.7041,-0.1083,
5.356716,-0.2274,-1.2852,-0.1556,-2.6316,-0.3185,-1.7471,-0.0100,-0.7041,-0.1083,
5.358563,-0.2274,-1.2852,-0.1556,-2.8805,-3.0139,-3.5137,-0.0100,-0.7041,-0.1083,
5.361278,-0.2274,-1.2852,-0.1556,-2.8805,-3.0139,-3.5137,-0.1487,-0.8385,-0.0741,
5.370002,-0.2274,-1.2852,-0.1556,-2.8805,-3.0139,-3.5137,-0.3264,-0.9674,0.0157,
5.376901,-0.4334,-1.1767,-0.1362,-2.8805,-3.0139,-3.5137,-0.3264,-0.9674,0.0157,
5.379119,-0.4334,-1.1767,-0.1362,-4.8349,-1.9172,-3.1751,-0.3264,-0.9674,0.0157,
5.381163,-0.4334,-1.1767,-0.1362,-4.8349,-1.9172,-3.1751,-0.5592,-0.9356,0.2210,
5.389895,-0.4334,-1.1767,-0.1362,-4.8349,-1.9172,-3.1751,-0.8383,-0.7798,0.4855,
5.397105,-0.3639,-1.0771,-0.1123,-4.8349,-1.9172,-3.1751,-0.8383,-0.7798,0.4855,
5.400339,-0.3639,-1.0771,-0.1123,-4.0036,-0.8921,-2.7084,-0.8383,-0.7798,0.4855,
5.402130,-0.3639,-1.0771,-0.1123,-4.0036,-0.8921,-2.7084,-1.4419,-0.7255,0.9534,
5.410268,-0.3639,-1.0771,-0.1123,-4.0036,-0.8921,-2.7084,-1.7363,-0.8806,1.0920,
5.416725,-0.0542,-1.1743,-0.1565,-4.0036,-0.8921,-2.7084,-1.7363,-0.8806,1.0920,
5.419732,-0.0542,-1.1743,-0.1565,-0.7123,-1.7780,-2.7463,-1.7363,-0.8806,1.0920,
5.421700,-0.0542,-1.1743,-0.1565,-0.7123,-1.7780,-2.7463,-2.0173,-0.9930,1.1464,
5.430849,-0.0542,-1.1743,-0.1565,-0.7123,-1.7780,-2.7463,-2.2842,-0.9747,1.1666,
5.436523,0.1175,-1.1995,-0.0699,-0.7123,-1.7780,-2.7463,-2.2842,-0.9747,1.1666,
5.438464,0.1175,-1.1995,-0.0699,1.2156,-1.9765,-1.4169,-2.2842,-0.9747,1.1666,
5.442279,0.1175,-1.1995,-0.0699,1.2156,-1.9765,-1.4169,-2.5035,-0.8483,1.1977,
5.450710,0.1175,-1.1995,-0.0699,1.2156,-1.9765,-1.4169,-2.6330,-0.6784,1.3285,
5.456396,-0.0280,-1.0528,0.0140,1.2156,-1.9765,-1.4169,-2.6330,-0.6784,1.3285,
5.457783,-0.0280,-1.0528,0.0140,0.0413,-0.5186,-0.0775,-2.6330,-0.6784,1.3285,
5.459757,-0.0280,-1.0528,0.0140,0.0413,-0.5186,-0.0775,-2.7064,-0.5532,1.6235,
5.469660,-0.0280,-1.0528,0.0140,0.0413,-0.5186,-0.0775,-2.8010,-0.6003,1.7970,
5.476166,0.2337,-1.4096,0.0922,0.0413,-0.5186,-0.0775,-2.8010,-0.6003,1.7970,
5.478187,0.2337,-1.4096,0.0922,2.9311,-4.0340,1.2204,-2.8010,-0.6003,1.7970,
5.480574,0.2337,-1.4096,0.0922,2.9311,-4.0340,1.2204,-2.8285,-0.7035,1.8630,
5.489737,0.2337,-1.4096,0.0922,2.9311,-4.0340,1.2204,-2.7760,-0.8018,1.9161,
5.496702,0.3382,-1.5980,0.1524,2.9311,-4.0340,1.2204,-2.7760,-0.8018,1.9161,
5.498484,0.3382,-1.5980,0.1524,4.2666,-5.9337,2.3024,-2.7760,-0.8018,1.9161,
5.500503,0.3382,-1.5980,0.1524,4.2666,-5.9337,2.3024,-2.6764,-0.9197,1.9656,
5.509766,0.3382,-1.5980,0.1524,4.2666,-5.9337,2.3024,-2.5304,-1.1665,1.8721,
5.516808,0.1399,-1.4341,0.0457,4.2666,-5.9337,2.3024,-2.5304,-1.1665,1.8721,
5.519832,0.1399,-1.4341,0.0457,2.6334,-4.4068,1.6756,-2.5304,-1.1665,1.8721,
5.521997,0.1399,-1.4341,0.0457,2.6334,-4.4068,1.6756,-2.3685,-1.5367,1.7457,
5.531144,0.1399,-1.4341,0.0457,2.6334,-4.4068,1.6756,-2.2061,-1.8220,1.7457,
5.536591,0.0860,-1.3238,-0.0726,2.6334,-4.4068,1.6756,-2.2061,-1.8220,1.7457,
5.538645,0.0860,-1.3238,-0.0726,2.3954,-3.4154,0.8420,-2.2061,-1.8220,1.7457,
5.540748,0.0860,-1.3238,-0.0726,2.3954,-3.4154,0.8420,-2.1108,-2.1262,1.6186,
5.550246,0.0860,-1.3238,-0.0726,2.3954,-3.4154,0.8420,-2.0210,-2.1934,1.6229,
5.556682,-0.0573,-1.2466,0.0112,2.3954,-3.4154,0.8420,-2.0210,-2.1934,1.6229,
5.558879,-0.0573,-1.2466,0.0112,1.2823,-2.7537,1.9067,-2.0210,-2.1934,1.6229,
5.561090,-0.0573,-1.2466,0.0112,1.2823,-2.7537,1.9067,-1.9269,-1.8757,1.7035,
5.570269,-0.0573,-1.2466,0.0112,1.2823,-2.7537,1.9067,-1.8267,-1.2801,1.7591,
5.576679,-0.2741,-1.1697,-0.1170,1.2823,-2.7537,1.9067,-1.8267,-1.2801,1.7591,
5.578935,-0.2741,-1.1697,-0.1170,-0.5329,-2.1102,0.8656,-1.8267,-1.2801,1.7591,
5.581278,-0.2741,-1.1697,-0.1170,-0.5329,-2.1102,0.8656,-1.7962,-0.5428,2.1934,
5.590282,-0.2741,-1.1697,-0.1170,-0.5329,-2.1102,0.8656,-1.8304,0.5720,2.4421,
5.597825,-0.3171,-0.9789,0.0299,-0.5329,-2.1102,0.8656,-1.8304,0.5720,2.4421,
5.602400,-0.3171,-0.9789,0.0299,-0.5888,-0.3903,2.5571,-1.8304,0.5720,2.4421,
5.604412,-0.3171,-0.9789,0.0299,-0.5888,-0.3903,2.5571,-1.7229,0.8414,2.5215,
5.610159,-0.3171,-0.9789,0.0299,-0.5888,-0.3903,2.5571,-1.5646,0.9739,2.5367,
5.616698,-0.1395,-0.7991,0.1946,-0.5888,-0.3903,2.5571,-1.5646,0.9739,2.5367,
5.619615,-0.1395,-0.7991,0.1946,1.4996,1.2083,4.4039,-1.5646,0.9739,2.5367,
5.621805,-0.1395,-0.7991,0.1946,1.4996,1.2083,4.4039,-1.3637,1.0912,2.5025,
5.631090,-0.1395,-0.7991,0.1946,1.4996,1.2083,4.4039,-1.1004,1.3380,2.4628,
5.636656,-0.0766,-0.6043,0.1837,1.4996,1.2083,4.4039,-1.1004,1.3380,2.4628,
5.638563,-0.0766,-0.6043,0.1837,2.4182,2.9714,4.4529,-1.1004,1.3380,2.4628,
5.641202,-0.0766,-0.6043,0.1837,2.4182,2.9714,4.4529,-0.9208,1.5634,2.4524,
5.650136,-0.0766,-0.6043,0.1837,2.4182,2.9714,4.4529,-0.8328,1.6917,2.3804,
5.656411,0.0279,-0.4377,-0.0483,2.4182,2.9714,4.4529,-0.8328,1.6917,2.3804,
5.658125,0.0279,-0.4377,-0.0483,3.6819,4.4739,2.3123,-0.8328,1.6917,2.3804,
5.660643,0.0279,-0.4377,-0.0483,3.6819,4.4739,2.3123,-0.7986,1.6929,2.2173,
5.669893,0.0279,-0.4377,-0.0483,3.6819,4.4739,2.3123,-0.7711,1.5372,1.9216,
5.676438,-0.0209,-0.4836,-0.0480,3.6819,4.4739,2.3123,-0.7711,1.5372,1.9216,
5.679397,-0.0209,-0.4836,-0.0480,3.3652,3.9179,2.4414,-0.7711,1.5372,1.9216,
5.681511,-0.0209,-0.4836,-0.0480,3.3652,3.9179,2.4414,-0.7259,1.4016,1.4690,
5.689940,-0.0209,-0.4836,-0.0480,3.3652,3.9179,2.4414,-0.6459,1.4315,1.0401,
5.697427,-0.0930,-0.6339,0.0010,3.3652,3.9179,2.4414,-0.6459,1.4315,1.0401,
5.699777,-0.0930,-0.6339,0.0010,2.6904,2.3994,3.0176,-0.6459,1.4315,1.0401,
5.701855,-0.0930,-0.6339,0.0010,2.6904,2.3994,3.0176,-0.5091,1.5256,0.8068,
5.710032,-0.0930,-0.6339,0.0010,2.6904,2.3994,3.0176,-0.3454,1.5793,0.7072,
5.716688,0.0877,-0.6297,-0.0056,2.6904,2.3994,3.0176,-0.3454,1.5793,0.7072,
5.718907,0.0877,-0.6297,-0.0056,4.3765,2.4524,3.0170,-0.3454,1.5793,0.7072,
5.720562,0.0877,-0.6297,-0.0056,4.3765,2.4524,3.0170,-0.1670,1.6184,0.5905,
5.730737,0.0877,-0.6297,-0.0056,4.3765,2.4524,3.0170,-0.0124,1.6386,0.3841,
5.736404,0.1994,-0.5124,-0.0070,4.3765,2.4524,3.0170,-0.0124,1.6386,0.3841,
5.738259,0.1994,-0.5124,-0.0070,5.3041,3.6633,3.0161,-0.0124,1.6386,0.3841,
5.740009,0.1994,-0.5124,-0.0070,5.3041,3.6633,3.0161,0.1439,1.6538,0.1641,
5.749928,0.1994,-0.5124,-0.0070,5.3041,3.6633,3.0161,0.3522,1.6752,-0.0881,
5.756503,0.1261,-0.4801,-0.1362,5.3041,3.6633,3.0161,0.3522,1.6752,-0.0881,
5.758047,0.1261,-0.4801,-0.1362,4.3369,4.0794,1.7300,0.3522,1.6752,-0.0881,
5.760208,0.1261,-0.4801,-0.1362,4.3369,4.0794,1.7300,0.5679,1.5194,-0.3588,
5.769886,0.1261,-0.4801,-0.1362,4.3369,4.0794,1.7300,0.9607,0.8530,-0.8523,
5.776465,-0.0178,-0.5436,-0.2520,4.3369,4.0794,1.7300,0.9607,0.8530,-0.8523,
5.778490,-0.0178,-0.5436,-0.2520,2.6284,3.5923,0.4897,0.9607,0.8530,-0.8523,
5.780796,-0.0178,-0.5436,-0.2520,2.6284,3.5923,0.4897,1.1360,0.5696,-1.0576,
5.790034,-0.0178,-0.5436,-0.2520,2.6284,3.5923,0.4897,1.2905,0.3368,-1.2030,
5.797805,-0.1815,-0.6050,-0.4031,2.6284,3.5923,0.4897,1.2905,0.3368,-1.2030,
5.800598,-0.1815,-0.6050,-0.4031,0.7075,3.1429,-1.1784,1.2905,0.3368,-1.2030,
5.802486,-0.1815,-0.6050,-0.4031,0.7075,3.1429,-1.1784,1.4170,0.1621,-1.2744,
5.810004,-0.1815,-0.6050,-0.4031,0.7075,3.1429,-1.1784,1.4952,0.0320,-1.2738,
5.816538,-0.3558,-0.7267,-0.6649,0.7075,3.1429,-1.1784,1.4952,0.0320,-1.2738,
5.819265,-0.3558,-0.7267,-0.6649,-1.2652,2.0737,-3.9311,1.4952,0.0320,-1.2738,
5.821087,-0.3558,-0.7267,-0.6649,-1.2652,2.0737,-3.9311,1.4762,-0.0456,-1.2537,
5.831056,-0.3558,-0.7267,-0.6649,-1.2652,2.0737,-3.9311,1.3021,-0.1097,-1.2470,
5.836684,-0.6238,-1.1445,-1.0403,-1.2652,2.0737,-3.9311,1.3021,-0.1097,-1.2470,
5.838997,-0.6238,-1.1445,-1.0403,-4.0902,-1.9376,-7.7460,1.3021,-0.1097,-1.2470,
5.841163,-0.6238,-1.1445,-1.0403,-4.0902,-1.9376,-7.7460,1.0016,-0.1635,-1.2036,
5.850405,-0.6238,-1.1445,-1.0403,-4.0902,-1.9376,-7.7460,0.5630,-0.0883,-1.0454,
5.856859,-1.0511,-1.4622,-0.9232,-4.0902,-1.9376,-7.7460,0.5630,-0.0883,-1.0454,
5.859556,-1.0511,-1.4622,-0.9232,-8.3979,-5.0165,-6.6352,0.5630,-0.0883,-1.0454,
5.861891,-1.0511,-1.4622,-0.9232,-8.3979,-5.0165,-6.6352,0.1091,0.0693,-0.7002,
5.870391,-1.0511,-1.4622,-0.9232,-8.3979,-5.0165,-6.6352,-0.0796,0.1175,-0.2482,
5.876777,-0.7785,-1.2166,-0.5475,-8.3979,-5.0165,-6.6352,-0.0796,0.1175,-0.2482,
5.879779,-0.7785,-1.2166,-0.5475,-5.7199,-2.6358,-2.8614,-0.0796,0.1175,-0.2482,
5.882261,-0.7785,-1.2166,-0.5475,-5.7199,-2.6358,-2.8614,-0.0167,0.1090,0.1275,
5.890286,-0.7785,-1.2166,-0.5475,-5.7199,-2.6358,-2.8614,0.1232,0.1774,0.3193,
5.898183,-0.4393,-0.8061,-0.5753,-5.7199,-2.6358,-2.8614,0.1232,0.1774,0.3193,
5.901318,-0.4393,-0.8061,-0.5753,-2.2685,1.3359,-3.0444,0.1232,0.1774,0.3193,
5.903627,-0.4393,-0.8061,-0.5753,-2.2685,1.3359,-3.0444,0.2777,0.2855,0.3743,
5.910073,-0.4393,-0.8061,-0.5753,-2.2685,1.3359,-3.0444,0.4396,0.1975,0.3633,
5.916695,-0.3925,-0.9811,-0.4142,-2.2685,1.3359,-3.0444,0.4396,0.1975,0.3633,
5.920316,-0.3925,-0.9811,-0.4142,-1.6760,-0.4168,-1.4420,0.4396,0.1975,0.3633,
5.922408,-0.3925,-0.9811,-0.4142,-1.6760,-0.4168,-1.4420,0.6632,-0.1818,0.2875,
5.931254,-0.3925,-0.9811,-0.4142,-1.6760,-0.4168,-1.4420,0.9454,-0.5905,0.1489,
5.936660,-0.1834,-1.1385,-0.4528,-1.6760,-0.4168,-1.4420,0.9454,-0.5905,0.1489,
5.938994,-0.1834,-1.1385,-0.4528,0.4773,-1.9581,-1.9119,0.9454,-0.5905,0.1489,
5.940980,-0.1834,-1.1385,-0.4528,0.4773,-1.9581,-1.9119,1.1427,-0.8000,-0.0271,
5.950160,-0.1834,-1.1385,-0.4528,0.4773,-1.9581,-1.9119,1.0053,-0.2692,-0.3893,
5.956630,-0.0814,-1.1984,-0.2296,0.4773,-1.9581,-1.9119,1.0053,-0.2692,-0.3893,
5.959166,-0.0814,-1.1984,-0.2296,1.4766,-2.4992,0.0988,1.0053,-0.2692,-0.3893,
5.962309,-0.0814,-1.1984,-0.2296,1.4766,-2.4992,0.0988,0.8941,0.3020,-0.5029,
5.970189,-0.0814,-1.1984,-0.2296,1.4766,-2.4992,0.0988,0.7945,0.7595,-0.5603,
5.976603,-0.0330,-1.3767,-0.3001,1.4766,-2.4992,0.0988,0.7945,0.7595,-0.5603,
5.979291,-0.0330,-1.3767,-0.3001,1.8215,-4.1881,-0.7007,0.7945,0.7595,-0.5603,
5.981475,-0.0330,-1.3767,-0.3001,1.8215,-4.1881,-0.7007,0.6155,0.7626,-0.5304,
5.989930,-0.0330,-1.3767,-0.3001,1.8215,-4.1881,-0.7007,0.4335,0.3338,-0.4901,
5.997603,0.0988,-1.1405,-0.2152,1.8215,-4.1881,-0.7007,0.4335,0.3338,-0.4901,
6.000009,0.0988,-1.1405,-0.2152,2.9715,-1.8292,0.0750,0.4335,0.3338,-0.4901,
6.001817,0.0988,-1.1405,-0.2152,2.9715,-1.8292,0.0750,0.2710,-0.1604,-0.5231,
6.009859,0.0988,-1.1405,-0.2152,2.9715,-1.8292,0.0750,0.1006,-0.4689,-0.5787,
6.016506,0.3083,-0.6806,0.2143,2.9715,-1.8292,0.0750,0.1006,-0.4689,-0.5787,
6.018902,0.3083,-0.6806,0.2143,4.8673,2.7233,4.2268,0.1006,-0.4689,-0.5787,
6.021168,0.3083,-0.6806,0.2143,4.8673,2.7233,4.2268,0.0157,-0.4995,-0.6782,
6.031077,0.3083,-0.6806,0.2143,4.8673,2.7233,4.2268,0.1403,-0.3022,-0.8108,
6.036501,0.1484,-0.7542,0.6998,4.8673,2.7233,4.2268,0.1403,-0.3022,-0.8108,
6.038572,0.1484,-0.7542,0.6998,3.1005,2.0681,8.8551,0.1403,-0.3022,-0.8108,
6.040374,0.1484,-0.7542,0.6998,3.1005,2.0681,8.8551,0.4610,-0.1678,-0.9489,
6.049922,0.1484,-0.7542,0.6998,3.1005,2.0681,8.8551,0.9106,-0.2679,-1.0765,
6.056489,-0.0934,-0.9955,0.7019,3.1005,2.0681,8.8551,0.9106,-0.2679,-1.0765,
6.058334,-0.0934,-0.9955,0.7019,0.4959,-0.2017,8.5771,0.9106,-0.2679,-1.0765,
6.060137,-0.0934,-0.9955,0.7019,0.4959,-0.2017,8.5771,1.3083,-0.4891,-1.1755,
6.069925,-0.0934,-0.9955,0.7019,0.4959,-0.2017,8.5771,1.5361,-0.6473,-1.2060,
6.076373,-0.2704,-1.1546,0.4664,0.4959,-0.2017,8.5771,1.5361,-0.6473,-1.2060,
6.078634,-0.2704,-1.1546,0.4664,-1.4643,-1.6606,5.8176,1.5361,-0.6473,-1.2060,
6.081013,-0.2704,-1.1546,0.4664,-1.4643,-1.6606,5.8176,1.6772,-0.6045,-1.1541,
6.089945,-0.2704,-1.1546,0.4664,-1.4643,-1.6606,5.8176,1.8391,-0.3431,-1.0063,
6.098124,-0.2610,-1.0447,-0.0452,-1.4643,-1.6606,5.8176,1.8391,-0.3431,-1.0063,
6.102482,-0.2610,-1.0447,-0.0452,-1.5605,-0.5135,0.3426,1.8391,-0.3431,-1.0063,
6.104121,-0.2610,-1.0447,-0.0452,-1.5605,-0.5135,0.3426,1.9998,0.0216,-0.7674,
6.109982,-0.2610,-1.0447,-0.0452,-1.5605,-0.5135,0.3426,2.0101,0.3802,-0.5194,
6.116425,0.0062,-0.8297,-0.4496,-1.5605,-0.5135,0.3426,2.0101,0.3802,-0.5194,
6.119768,0.0062,-0.8297,-0.4496,0.9321,1.6295,-4.0199,2.0101,0.3802,-0.5194,
6.121569,0.0062,-0.8297,-0.4496,0.9321,1.6295,-4.0199,1.7811,0.6288,-0.4101,
6.130960,0.0062,-0.8297,-0.4496,0.9321,1.6295,-4.0199,1.4035,0.6575,-0.4217,
6.136328,0.1253,-0.8442,-0.2044,0.9321,1.6295,-4.0199,1.4035,0.6575,-0.4217,
6.138033,0.1253,-0.8442,-0.2044,2.0083,1.5020,-1.9104,1.4035,0.6575,-0.4217,
6.140236,0.1253,-0.8442,-0.2044,2.0083,1.5020,-1.9104,0.8874,0.2372,-0.4962,
6.150032,0.1253,-0.8442,-0.2044,2.0083,1.5020,-1.9104,0.8318,-0.0010,-0.5310,
6.156526,0.0712,-0.9136,0.0950,2.0083,1.5020,-1.9104,0.8318,-0.0010,-0.5310,
6.158259,0.0712,-0.9136,0.0950,1.3663,0.8305,0.8592,0.8318,-0.0010,-0.5310,
6.160510,0.0712,-0.9136,0.0950,1.3663,0.8305,0.8592,0.8464,-0.1708,-0.5555,
6.169890,0.0712,-0.9136,0.0950,1.3663,0.8305,0.8592,0.8831,-0.2606,-0.5622,
6.176428,-0.0829,-0.9839,0.1946,1.3663,0.8305,0.8592,0.8831,-0.2606,-0.5622,
6.178542,-0.0829,-0.9839,0.1946,-0.2582,0.1452,1.6594,0.8831,-0.2606,-0.5622,
6.180885,-0.0829,-0.9839,0.1946,-0.2582,0.1452,1.6594,0.9301,-0.2716,-0.5335,
6.189846,-0.0829,-0.9839,0.1946,-0.2582,0.1452,1.6594,1.0059,-0.2166,-0.4699,
6.198427,-0.1782,-0.9778,0.0781,-0.2582,0.1452,1.6594,1.0059,-0.2166,-0.4699,
6.201464,-0.1782,-0.9778,0.0781,-1.2895,0.2033,0.3238,1.0059,-0.2166,-0.4699,
6.203342,-0.1782,-0.9778,0.0781,-1.2895,0.2033,0.3238,1.0688,-0.2166,-0.3979,
6.210034,-0.1782,-0.9778,0.0781,-1.2895,0.2033,0.3238,1.0963,-0.2655,-0.3423,
6.216673,-0.1893,-0.9163,-0.0243,-1.2895,0.2033,0.3238,1.0963,-0.2655,-0.3423,
6.219597,-0.1893,-0.9163,-0.0243,-1.4609,0.7977,-0.8883,1.0963,-0.2655,-0.3423,
6.221283,-0.1893,-0.9163,-0.0243,-1.4609,0.7977,-0.8883,1.0883,-0.2771,-0.3056,
6.231916,-0.1893,-0.9163,-0.0243,-1.4609,0.7977,-0.8883,1.0328,-0.2844,-0.2806,
6.236630,-0.2002,-0.9160,-0.0825,-1.4609,0.7977,-0.8883,1.0328,-0.2844,-0.2806,
6.238453,-0.2002,-0.9160,-0.0825,-1.5975,0.7873,-1.6413,1.0328,-0.2844,-0.2806,
6.240886,-0.2002,-0.9160,-0.0825,-1.5975,0.7873,-1.6413,0.9411,-0.3077,-0.2506,
6.250182,-0.2002,-0.9160,-0.0825,-1.5975,0.7873,-1.6413,0.8446,-0.3364,-0.2066,
6.256670,-0.1439,-0.9389,-0.0644,-1.5975,0.7873,-1.6413,0.8446,-0.3364,-0.2066,
6.259006,-0.1439,-0.9389,-0.0644,-1.0567,0.5516,-1.5977,0.8446,-0.3364,-0.2066,
6.261486,-0.1439,-0.9389,-0.0644,-1.0567,0.5516,-1.5977,0.7878,-0.3645,-0.1651,
6.270517,-0.1439,-0.9389,-0.0644,-1.0567,0.5516,-1.5977,0.7847,-0.3437,-0.1474,
6.276575,-0.0583,-0.9464,-0.1066,-1.0567,0.5516,-1.5977,0.7847,-0.3437,-0.1474,
6.278996,-0.0583,-0.9464,-0.1066,-0.2213,0.4676,-2.1069,0.7847,-0.3437,-0.1474,
6.281498,-0.0583,-0.9464,-0.1066,-0.2213,0.4676,-2.1069,0.8092,-0.2496,-0.1602,
6.290231,-0.0583,-0.9464,-0.1066,-0.2213,0.4676,-2.1069,0.8092,-0.1439,-0.2079,
6.299719,-0.0418,-0.9087,-0.0137,-0.2213,0.4676,-2.1069,0.8092,-0.1439,-0.2079,
6.302722,-0.0418,-0.9087,-0.0137,-0.0732,0.8270,-1.2925,0.8092,-0.1439,-0.2079,
6.305406,-0.0418,-0.9087,-0.0137,-0.0732,0.8270,-1.2925,0.7829,-0.0993,-0.2653,
6.310230,-0.0418,-0.9087,-0.0137,-0.0732,0.8270,-1.2925,0.7737,-0.1048,-0.3252,
6.316665,-0.0827,-0.8214,0.2138,-0.0732,0.8270,-1.2925,0.7737,-0.1048,-0.3252,
6.320672,-0.0827,-0.8214,0.2138,-0.5141,1.6684,0.8112,0.7737,-0.1048,-0.3252,
6.322796,-0.0827,-0.8214,0.2138,-0.5141,1.6684,0.8112,0.8788,-0.1055,-0.4260,
6.331665,-0.0827,-0.8214,0.2138,-0.5141,1.6684,0.8112,1.0114,-0.0676,-0.4687,
6.336428,-0.1148,-0.7846,0.2985,-0.5141,1.6684,0.8112,1.0114,-0.0676,-0.4687,
6.338310,-0.1148,-0.7846,0.2985,-0.8976,2.0055,1.4646,1.0114,-0.0676,-0.4687,
6.340614,-0.1148,-0.7846,0.2985,-0.8976,2.0055,1.4646,1.1983,-0.0401,-0.5157,
6.350682,-0.1148,-0.7846,0.2985,-0.8976,2.0055,1.4646,1.4042,-0.0511,-0.5622,
6.356960,-0.1390,-0.9337,0.0923,-0.8976,2.0055,1.4646,1.4042,-0.0511,-0.5622,
6.359915,-0.1390,-0.9337,0.0923,-1.2090,0.5070,-0.7911,1.4042,-0.0511,-0.5622,
6.362918,-0.1390,-0.9337,0.0923,-1.2090,0.5070,-0.7911,1.5422,-0.0877,-0.5915,
6.370102,-0.1390,-0.9337,0.0923,-1.2090,0.5070,-0.7911,1.5385,-0.1134,-0.6037,
6.376391,-0.1241,-1.0625,-0.2217,-1.2090,0.5070,-0.7911,1.5385,-0.1134,-0.6037,
6.378509,-0.1241,-1.0625,-0.2217,-1.1359,-0.7959,-4.0931,1.5385,-0.1134,-0.6037,
6.381179,-0.1241,-1.0625,-0.2217,-1.1359,-0.7959,-4.0931,1.4029,-0.0963,-0.6049,
6.389803,-0.1241,-1.0625,-0.2217,-1.1359,-0.7959,-4.0931,1.1696,-0.0419,-0.6123,
6.398305,-0.0778,-1.0431,-0.3012,-1.1359,-0.7959,-4.0931,1.1696,-0.0419,-0.6123,
6.401048,-0.0778,-1.0431,-0.3012,-0.7580,-0.6329,-5.0061,1.1696,-0.0419,-0.6123,
6.402702,-0.0778,-1.0431,-0.3012,-0.7580,-0.6329,-5.0061,0.8562,-0.0016,-0.6336,
6.409737,-0.0778,-1.0431,-0.3012,-0.7580,-0.6329,-5.0061,0.5239,-0.0370,-0.6550,
6.416394,-0.2643,-1.0317,0.0810,-0.7580,-0.6329,-5.0061,0.5239,-0.0370,-0.6550,
6.418328,-0.2643,-1.0317,0.0810,-2.6471,-0.5295,-1.2960,0.5239,-0.0370,-0.6550,
6.420155,-0.2643,-1.0317,0.0810,-2.6471,-0.5295,-1.2960,0.2863,-0.1635,-0.6459,
6.431315,-0.2643,-1.0317,0.0810,-2.6471,-0.5295,-1.2960,0.2075,-0.3229,-0.5958,
6.436217,-0.4562,-1.0774,0.1351,-2.6471,-0.5295,-1.2960,0.2075,-0.3229,-0.5958,
6.437699,-0.4562,-1.0774,0.1351,-4.5604,-0.9709,-0.7356,0.2075,-0.3229,-0.5958,
6.439803,-0.4562,-1.0774,0.1351,-4.5604,-0.9709,-0.7356,0.2423,-0.4347,-0.5231,
6.449867,-0.4562,-1.0774,0.1351,-4.5604,-0.9709,-0.7356,0.3058,-0.4463,-0.4205,
6.456499,-0.5652,-1.0939,0.0018,-4.5604,-0.9709,-0.7356,0.3058,-0.4463,-0.4205,
6.458023,-0.5652,-1.0939,0.0018,-5.6102,-1.1271,-2.0170,0.3058,-0.4463,-0.4205,
6.459745,-0.5652,-1.0939,0.0018,-5.6102,-1.1271,-2.0170,0.3296,-0.3651,-0.2922,
6.469757,-0.5652,-1.0939,0.0018,-5.6102,-1.1271,-2.0170,0.2460,-0.2105,-0.1608,
6.476558,-0.4951,-1.0536,0.0844,-5.6102,-1.1271,-2.0170,0.2460,-0.2105,-0.1608,
6.478508,-0.4951,-1.0536,0.0844,-4.8392,-0.7291,-1.1949,0.2460,-0.2105,-0.1608,
6.480894,-0.4951,-1.0536,0.0844,-4.8392,-0.7291,-1.1949,0.1097,-0.0102,-0.0545,
6.490052,-0.4951,-1.0536,0.0844,-4.8392,-0.7291,-1.1949,0.0548,0.1566,0.0267,
6.498736,-0.2481,-1.0665,0.0198,-4.8392,-0.7291,-1.1949,0.0548,0.1566,0.0267,
6.501605,-0.2481,-1.0665,0.0198,-2.2968,-0.8462,-1.7764,0.0548,0.1566,0.0267,
6.503328,-0.2481,-1.0665,0.0198,-2.2968,-0.8462,-1.7764,0.0877,0.2024,0.1037,
6.509998,-0.2481,-1.0665,0.0198,-2.2968,-0.8462,-1.7764,0.0645,-0.1158,0.1287,
6.516705,-0.1576,-1.1679,-0.1040,-2.2968,-0.8462,-1.7764,0.0645,-0.1158,0.1287,
6.519738,-0.1576,-1.1679,-0.1040,-1.2894,-1.8291,-2.9243,0.0645,-0.1158,0.1287,
6.521466,-0.1576,-1.1679,-0.1040,-1.2894,-1.8291,-2.9243,-0.0302,-0.1592,0.1012,
6.531736,-0.1576,-1.1679,-0.1040,-1.2894,-1.8291,-2.9243,-0.1548,-0.0541,0.1159,
6.536661,-0.2505,-1.2671,-0.1733,-1.2894,-1.8291,-2.9243,-0.1548,-0.0541,0.1159,
6.539153,-0.2505,-1.2671,-0.1733,-2.0994,-2.7836,-3.4961,-0.1548,-0.0541,0.1159,
6.541518,-0.2505,-1.2671,-0.1733,-2.0994,-2.7836,-3.4961,-0.3588,0.0680,0.1727,
6.550029,-0.2505,-1.2671,-0.1733,-2.0994,-2.7836,-3.4961,-0.6441,0.1340,0.2576,
6.556803,-0.3261,-1.2027,-0.1837,-2.0994,-2.7836,-3.4961,-0.6441,0.1340,0.2576,
6.558625,-0.3261,-1.2027,-0.1837,-2.7138,-2.1243,-3.4054,-0.6441,0.1340,0.2576,
6.560441,-0.3261,-1.2027,-0.1837,-2.7138,-2.1243,-3.4054,-0.9605,0.1413,0.3505,
6.569858,-0.3261,-1.2027,-0.1837,-2.7138,-2.1243,-3.4054,-1.2629,0.0925,0.4482,
6.576430,-0.2729,-1.0465,-0.1485,-2.7138,-2.1243,-3.4054,-1.2629,0.0925,0.4482,
6.578695,-0.2729,-1.0465,-0.1485,-2.0352,-0.5563,-2.7544,-1.2629,0.0925,0.4482,
6.580996,-0.2729,-1.0465,-0.1485,-2.0352,-0.5563,-2.7544,-1.5097,-0.0212,0.5801,
6.589744,-0.2729,-1.0465,-0.1485,-2.0352,-0.5563,-2.7544,-1.7131,-0.1574,0.7500,
6.598171,-0.1495,-1.0515,-0.1313,-2.0352,-0.5563,-2.7544,-1.7131,-0.1574,0.7500,
6.602019,-0.1495,-1.0515,-0.1313,-0.6427,-0.5750,-2.1971,-1.7131,-0.1574,0.7500,
6.603668,-0.1495,-1.0515,-0.1313,-0.6427,-0.5750,-2.1971,-1.9043,-0.2380,0.9320,
6.609832,-0.1495,-1.0515,-0.1313,-0.6427,-0.5750,-2.1971,-2.1016,-0.1507,1.0927,
6.616413,-0.1686,-1.2416,-0.0233,-0.6427,-0.5750,-2.1971,-2.1016,-0.1507,1.0927,
6.618960,-0.1686,-1.2416,-0.0233,-0.6018,-2.4287,-0.7056,-2.1016,-0.1507,1.0927,
6.620516,-0.1686,-1.2416,-0.0233,-0.6018,-2.4287,-0.7056,-2.2806,0.0638,1.2674,
6.631469,-0.1686,-1.2416,-0.0233,-0.6018,-2.4287,-0.7056,-2.4113,0.1762,1.4903,
6.636297,-0.0138,-1.3789,0.0182,-0.6018,-2.4287,-0.7056,-2.4113,0.1762,1.4903,
6.637639,-0.0138,-1.3789,0.0182,1.1843,-3.7954,0.1681,-2.4113,0.1762,1.4903,
6.639795,-0.0138,-1.3789,0.0182,1.1843,-3.7954,0.1681,-2.4907,0.1041,1.6980,
6.649962,-0.0138,-1.3789,0.0182,1.1843,-3.7954,0.1681,-2.5280,-0.0028,1.8294,
6.656554,0.1708,-1.4870,0.1732,1.1843,-3.7954,0.1681,-2.5280,-0.0028,1.8294,
6.658399,0.1708,-1.4870,0.1732,3.3034,-4.9131,2.1603,-2.5280,-0.0028,1.8294,
6.660241,0.1708,-1.4870,0.1732,3.3034,-4.9131,2.1603,-2.5622,-0.1110,1.8758,
6.670035,0.1708,-1.4870,0.1732,3.3034,-4.9131,2.1603,-2.6007,-0.3138,1.8495,
6.676342,0.3094,-1.5334,0.1683,3.3034,-4.9131,2.1603,-2.6007,-0.3138,1.8495,
6.678715,0.3094,-1.5334,0.1683,4.9362,-5.4492,2.5481,-2.6007,-0.3138,1.8495,
6.683385,0.3094,-1.5334,0.1683,4.9362,-5.4492,2.5481,-2.4382,-1.2783,1.6602,
6.689941,0.3094,-1.5334,0.1683,4.9362,-5.4492,2.5481,-2.2006,-1.9148,1.5361,
6.699262,0.2864,-1.4215,-0.0205,4.9362,-5.4492,2.5481,-2.2006,-1.9148,1.5361,
6.702086,0.2864,-1.4215,-0.0205,4.9367,-4.4361,1.0192,-2.2006,-1.9148,1.5361,
6.703953,0.2864,-1.4215,-0.0205,4.9367,-4.4361,1.0192,-2.0405,-2.3565,1.4439,
6.709915,0.2864,-1.4215,-0.0205,4.9367,-4.4361,1.0192,-2.0918,-2.3186,1.3987,
6.716499,0.2096,-1.2991,-0.1996,4.9367,-4.4361,1.0192,-2.0918,-2.3186,1.3987,
6.719477,0.2096,-1.2991,-0.1996,4.3847,-3.3174,-0.4999,-2.0918,-2.3186,1.3987,
6.721205,0.2096,-1.2991,-0.1996,4.3847,-3.3174,-0.4999,-2.2555,-1.7438,1.3468,
6.732501,0.2096,-1.2991,-0.1996,4.3847,-3.3174,-0.4999,-2.2647,-0.8336,1.2515,
6.736773,0.0515,-1.1580,0.1510,4.3847,-3.3174,-0.4999,-2.2647,-0.8336,1.2515,
6.739260,0.0515,-1.1580,0.1510,2.9876,-2.0225,3.2211,-2.2647,-0.8336,1.2515,
6.741377,0.0515,-1.1580,0.1510,2.9876,-2.0225,3.2211,-2.1071,0.1169,1.1641,
6.750011,0.0515,-1.1580,0.1510,2.9876,-2.0225,3.2211,-2.0087,0.5842,1.2527,
6.756949,-0.4231,-0.9947,-0.0447,2.9876,-2.0225,3.2211,-2.0087,0.5842,1.2527,
6.759538,-0.4231,-0.9947,-0.0447,-1.5464,-0.5190,1.6196,-2.0087,0.5842,1.2527,
6.762008,-0.4231,-0.9947,-0.0447,-1.5464,-0.5190,1.6196,-2.0191,0.4846,1.4885,
6.770239,-0.4231,-0.9947,-0.0447,-1.5464,-0.5190,1.6196,-1.9281,0.2727,1.7359,
6.776622,-0.3263,-0.8358,0.2370,-1.5464,-0.5190,1.6196,-1.9281,0.2727,1.7359,
6.779607,-0.3263,-0.8358,0.2370,-0.3871,0.9129,4.6459,-1.9281,0.2727,1.7359,
6.782277,-0.3263,-0.8358,0.2370,-0.3871,0.9129,4.6459,-1.7100,0.2470,1.8544,
6.789944,-0.3263,-0.8358,0.2370,-0.3871,0.9129,4.6459,-1.4235,0.4138,1.8672,
6.798676,-0.2311,-0.6916,0.1946,-0.3871,0.9129,4.6459,-1.4235,0.4138,1.8672,
6.801049,-0.2311,-0.6916,0.1946,0.8052,2.1974,4.3944,-1.4235,0.4138,1.8672,
6.802998,-0.2311,-0.6916,0.1946,0.8052,2.1974,4.3944,-1.1603,0.7186,1.8611,
6.809945,-0.2311,-0.6916,0.1946,0.8052,2.1974,4.3944,-0.9953,0.9978,1.8404,
6.816390,-0.0956,-0.5606,0.0777,0.8052,2.1974,4.3944,-0.9953,0.9978,1.8404,
6.819052,-0.0956,-0.5606,0.0777,2.3526,3.3742,3.3520,-0.9953,0.9978,1.8404,
6.820924,-0.0956,-0.5606,0.0777,2.3526,3.3742,3.3520,-0.9184,1.3362,1.7408,
6.832343,-0.0956,-0.5606,0.0777,2.3526,3.3742,3.3520,-0.8896,1.7833,1.5435,
6.836275,-0.1193,-0.5079,-0.0280,2.3526,3.3742,3.3520,-0.8896,1.7833,1.5435,
6.837863,-0.1193,-0.5079,-0.0280,2.2608,3.7973,2.4470,-0.8896,1.7833,1.5435,
6.839910,-0.1193,-0.5079,-0.0280,2.2608,3.7973,2.4470,-0.8683,2.1242,1.3223,
6.849960,-0.1193,-0.5079,-0.0280,2.2608,3.7973,2.4470,-0.8145,2.2946,1.1318,
6.856812,0.0249,-0.4909,-0.0450,2.2608,3.7973,2.4470,-0.8145,2.2946,1.1318,
6.858860,0.0249,-0.4909,-0.0450,3.6790,3.9089,2.4462,-0.8145,2.2946,1.1318,
6.861031,0.0249,-0.4909,-0.0450,3.6790,3.9089,2.4462,-0.7247,2.3295,0.9919,
6.870357,0.0249,-0.4909,-0.0450,3.6790,3.9089,2.4462,-0.5005,2.0576,0.6492,
6.876581,0.1906,-0.4619,-0.0182,3.6790,3.9089,2.4462,-0.5005,2.0576,0.6492,
6.879068,0.1906,-0.4619,-0.0182,5.1941,4.1911,2.8403,-0.5005,2.0576,0.6492,
6.881474,0.1906,-0.4619,-0.0182,5.1941,4.1911,2.8403,-0.3490,1.9745,0.4164,
6.890392,0.1906,-0.4619,-0.0182,5.1941,4.1911,2.8403,-0.1615,1.9275,0.1794,
6.899681,0.2036,-0.5137,-0.0118,5.1941,4.1911,2.8403,-0.1615,1.9275,0.1794,
6.902482,0.2036,-0.5137,-0.0118,5.1045,3.7453,2.9552,-0.1615,1.9275,0.1794,
6.904978,0.2036,-0.5137,-0.0118,5.1045,3.7453,2.9552,0.0578,1.8108,-0.0393,
6.910249,0.2036,-0.5137,-0.0118,5.1045,3.7453,2.9552,0.2863,1.5604,-0.2470,
6.916808,0.1599,-0.5656,-0.0804,5.1045,3.7453,2.9552,0.2863,1.5604,-0.2470,
6.920165,0.1599,-0.5656,-0.0804,4.3918,3.3409,2.2579,0.2863,1.5604,-0.2470,
6.922489,0.1599,-0.5656,-0.0804,4.3918,3.3409,2.2579,0.5025,1.2232,-0.4657,
6.932750,0.1599,-0.5656,-0.0804,4.3918,3.3409,2.2579,0.7175,0.8652,-0.6843,
6.937151,0.0224,-0.5596,-0.2520,4.3918,3.3409,2.2579,0.7175,0.8652,-0.6843,
6.939561,0.0224,-0.5596,-0.2520,2.7478,3.5231,0.4713,0.7175,0.8652,-0.6843,
6.941746,0.0224,-0.5596,-0.2520,2.7478,3.5231,0.4713,0.9271,0.5219,-0.8823,
6.950128,0.0224,-0.5596,-0.2520,2.7478,3.5231,0.4713,1.1280,0.2238,-1.0515,
6.956814,-0.1422,-0.5841,-0.4073,2.7478,3.5231,0.4713,1.1280,0.2238,-1.0515,
6.959300,-0.1422,-0.5841,-0.4073,0.8447,3.4107,-1.2148,1.1280,0.2238,-1.0515,
6.961636,-0.1422,-0.5841,-0.4073,0.8447,3.4107,-1.2148,1.3412,-0.0297,-1.1682,
6.970200,-0.1422,-0.5841,-0.4073,0.8447,3.4107,-1.2148,1.5471,-0.2093,-1.2213,
6.976944,-0.3334,-0.7179,-0.7683,0.8447,3.4107,-1.2148,1.5471,-0.2093,-1.2213,
6.979599,-0.3334,-0.7179,-0.7683,-1.2739,2.2099,-4.9369,1.5471,-0.2093,-1.2213,
6.982361,-0.3334,-0.7179,-0.7683,-1.2739,2.2099,-4.9369,1.6852,-0.2936,-1.2237,
6.990437,-0.3334,-0.7179,-0.7683,-1.2739,2.2099,-4.9369,1.6564,-0.3095,-1.2384,
6.996808,-0.5461,-1.0548,-1.0261,-1.2739,2.2099,-4.9369,1.6564,-0.3095,-1.2384,
7.000047,-0.5461,-1.0548,-1.0261,-3.5506,-1.0029,-7.6474,1.6564,-0.3095,-1.2384,
7.002301,-0.5461,-1.0548,-1.0261,-3.5506,-1.0029,-7.6474,1.4335,-0.3486,-1.2647,
7.010251,-0.5461,-1.0548,-1.0261,-3.5506,-1.0029,-7.6474,1.0865,-0.4714,-1.1620,
7.016607,-0.8275,-1.5294,-1.1366,-3.5506,-1.0029,-7.6474,1.0865,-0.4714,-1.1620,
7.019564,-0.8275,-1.5294,-1.1366,-6.4529,-5.5998,-8.8379,1.0865,-0.4714,-1.1620,
7.021934,-0.8275,-1.5294,-1.1366,-6.4529,-5.5998,-8.8379,0.6302,-0.5202,-0.8957,
7.033279,-0.8275,-1.5294,-1.1366,-6.4529,-5.5998,-8.8379,-0.0094,-0.2368,-0.5371,
7.037023,-0.8464,-1.4486,-0.6916,-6.4529,-5.5998,-8.8379,-0.0094,-0.2368,-0.5371,
7.039097,-0.8464,-1.4486,-0.6916,-6.6680,-4.8142,-4.4330,-0.0094,-0.2368,-0.5371,
7.041273,-0.8464,-1.4486,-0.6916,-6.6680,-4.8142,-4.4330,-0.4633,0.0919,-0.1022,
7.050417,-0.8464,-1.4486,-0.6916,-6.6680,-4.8142,-4.4330,-0.2336,0.0467,0.3132,
7.056811,-0.4214,-1.0229,-0.6028,-6.6680,-4.8142,-4.4330,-0.2336,0.0467,0.3132,
7.059123,-0.4214,-1.0229,-0.6028,-2.4070,-0.7043,-3.3907,-0.2336,0.0467,0.3132,
7.061349,-0.4214,-1.0229,-0.6028,-2.4070,-0.7043,-3.3907,-0.0228,0.0546,0.3700,
7.070461,-0.4214,-1.0229,-0.6028,-2.4070,-0.7043,-3.3907,0.1812,-0.0566,0.3810,
7.076549,-0.3475,-0.8652,-0.6663,-2.4070,-0.7043,-3.3907,0.1812,-0.0566,0.3810,
7.078812,-0.3475,-0.8652,-0.6663,-1.5436,0.7882,-3.9185,0.1812,-0.0566,0.3810,
7.081154,-0.3475,-0.8652,-0.6663,-1.5436,0.7882,-3.9185,0.3461,-0.3620,0.3101,
7.090187,-0.3475,-0.8652,-0.6663,-1.5436,0.7882,-3.9185,0.4378,-0.6943,0.1574,
7.097083,-0.3629,-0.8936,-0.6070,-1.5436,0.7882,-3.9185,0.4378,-0.6943,0.1574,
7.101129,-0.3629,-0.8936,-0.6070,-1.5634,0.4782,-3.3193,0.4378,-0.6943,0.1574,
7.103123,-0.3629,-0.8936,-0.6070,-1.5634,0.4782,-3.3193,0.4793,-0.8910,0.0261,
7.110429,-0.3629,-0.8936,-0.6070,-1.5634,0.4782,-3.3193,0.5154,-0.9631,-0.0558,
7.117339,-0.2917,-1.2262,-0.0122,-1.5634,0.4782,-3.3193,0.5154,-0.9631,-0.0558,
7.123066,-0.2917,-1.2262,-0.0122,-0.7753,-2.7806,2.4352,0.5154,-0.9631,-0.0558,
7.126289,-0.2917,-1.2262,-0.0122,-0.7753,-2.7806,2.4352,0.5868,-0.9069,-0.1169,
7.130316,-0.2917,-1.2262,-0.0122,-0.7753,-2.7806,2.4352,0.7090,-0.5978,-0.1535,
7.137153,-0.1386,-1.3869,0.1804,-0.7753,-2.7806,2.4352,0.7090,-0.5978,-0.1535,
7.139524,-0.1386,-1.3869,0.1804,0.7452,-4.3202,4.1723,0.7090,-0.5978,-0.1535,
7.141155,-0.1386,-1.3869,0.1804,0.7452,-4.3202,4.1723,0.7945,-0.1433,-0.1169,
7.150241,-0.1386,-1.3869,0.1804,0.7452,-4.3202,4.1723,0.8348,0.0131,-0.0167,
7.156383,0.1270,-1.0388,-0.0170,0.7452,-4.3202,4.1723,0.8348,0.0131,-0.0167,
7.157760,0.1270,-1.0388,-0.0170,3.3328,-0.8640,2.0745,0.8348,0.0131,-0.0167,
7.159647,0.1270,-1.0388,-0.0170,3.3328,-0.8640,2.0745,0.8226,-0.2899,0.0444,
7.169633,0.1270,-1.0388,-0.0170,3.3328,-0.8640,2.0745,0.6754,-0.7298,-0.0545,
7.176268,0.5541,-0.6555,-0.4958,3.3328,-0.8640,2.0745,0.6754,-0.7298,-0.0545,
7.177749,0.5541,-0.6555,-0.4958,7.4524,2.9363,-2.7444,0.6754,-0.7298,-0.0545,
7.180160,0.5541,-0.6555,-0.4958,7.4524,2.9363,-2.7444,0.3803,-0.9100,-0.3465,
7.189608,0.5541,-0.6555,-0.4958,7.4524,2.9363,-2.7444,0.0816,-0.7408,-0.6947,
7.196493,0.3563,-0.6307,0.2144,7.4524,2.9363,-2.7444,0.0816,-0.7408,-0.6947,
7.198989,0.3563,-0.6307,0.2144,5.3300,3.2364,4.1287,0.0816,-0.7408,-0.6947,
7.200602,0.3563,-0.6307,0.2144,5.3300,3.2364,4.1287,-0.0240,-0.5563,-0.9647,
7.209327,0.3563,-0.6307,0.2144,5.3300,3.2364,4.1287,0.1000,-0.4494,-1.1810,
7.216500,-0.0319,-0.9621,0.9748,5.3300,3.2364,4.1287,0.1000,-0.4494,-1.1810,
7.217947,-0.0319,-0.9621,0.9748,1.2531,0.0718,11.4145,0.1000,-0.4494,-1.1810,
7.219355,-0.0319,-0.9621,0.9748,1.2531,0.0718,11.4145,0.4659,-0.4701,-1.3471,
7.229712,-0.0319,-0.9621,0.9748,1.2531,0.0718,11.4145,0.9625,-0.6357,-1.3929,
7.235956,-0.2704,-1.1896,0.7527,1.2531,0.0718,11.4145,0.9625,-0.6357,-1.3929,
7.237163,-0.2704,-1.1896,0.7527,-1.3648,-2.0566,8.8994,0.9625,-0.6357,-1.3929,
7.239210,-0.2704,-1.1896,0.7527,-1.3648,-2.0566,8.8994,1.6626,-0.8837,-1.2066,
7.249386,-0.2704,-1.1896,0.7527,-1.3648,-2.0566,8.8994,1.8733,-0.7609,-1.0124,
7.255863,-0.3718,-1.1289,0.2708,-1.3648,-2.0566,8.8994,1.8733,-0.7609,-1.0124,
7.256817,-0.3718,-1.1289,0.2708,-2.5463,-1.3706,3.6593,1.8733,-0.7609,-1.0124,
7.259292,-0.3718,-1.1289,0.2708,-2.5463,-1.3706,3.6593,2.0266,-0.5239,-0.8193,
7.269246,-0.3718,-1.1289,0.2708,-2.5463,-1.3706,3.6593,1.9888,-0.2032,-0.6782,
7.275702,-0.2027,-0.9042,-0.4399,-2.5463,-1.3706,3.6593,1.9888,-0.2032,-0.6782,
7.276668,-0.2027,-0.9042,-0.4399,-1.0102,0.8817,-3.7643,1.9888,-0.2032,-0.6782,
7.279579,-0.2027,-0.9042,-0.4399,-1.0102,0.8817,-3.7643,1.6455,0.1700,-0.6190,
7.289300,-0.2027,-0.9042,-0.4399,-1.0102,0.8817,-3.7643,1.1708,0.4639,-0.6190,
7.296121,-0.0269,-0.8574,-0.2685,-1.0102,0.8817,-3.7643,1.1708,0.4639,-0.6190,
7.297180,-0.0269,-0.8574,-0.2685,0.5927,1.3629,-2.3577,1.1708,0.4639,-0.6190,
7.299490,-0.0269,-0.8574,-0.2685,0.5927,1.3629,-2.3577,0.9002,0.5683,-0.6117,
7.309262,-0.0269,-0.8574,-0.2685,0.5927,1.3629,-2.3577,0.8941,0.5555,-0.5811,
7.315826,-0.0006,-0.9333,0.1517,0.5927,1.3629,-2.3577,0.8941,0.5555,-0.5811,
7.317178,-0.0006,-0.9333,0.1517,0.7328,0.6324,1.5856,0.8941,0.5555,-0.5811,
7.319309,-0.0006,-0.9333,0.1517,0.7328,0.6324,1.5856,0.9961,0.4785,-0.5555,
7.330032,-0.0006,-0.9333,0.1517,0.7328,0.6324,1.5856,1.0480,0.3246,-0.5420,
7.336382,-0.1058,-0.9301,0.1429,0.7328,0.6324,1.5856,1.0480,0.3246,-0.5420,
7.338909,-0.1058,-0.9301,0.1429,-0.4004,0.6707,1.2936,1.0480,0.3246,-0.5420,
7.340742,-0.1058,-0.9301,0.1429,-0.4004,0.6707,1.2936,1.0315,0.1273,-0.5310,
7.349977,-0.1058,-0.9301,0.1429,-0.4004,0.6707,1.2936,1.0486,0.0589,-0.4999,
7.356583,-0.1468,-0.9194,0.0601,-0.4004,0.6707,1.2936,1.0486,0.0589,-0.4999,
7.358375,-0.1468,-0.9194,0.0601,-0.8933,0.7758,0.2726,1.0486,0.0589,-0.4999,
7.360219,-0.1468,-0.9194,0.0601,-0.8933,0.7758,0.2726,1.1146,0.0002,-0.4620,
7.369972,-0.1468,-0.9194,0.0601,-0.8933,0.7758,0.2726,1.1659,-0.1641,-0.4284,
7.376634,-0.1311,-0.8949,-0.0172,-0.8933,0.7758,0.2726,1.1659,-0.1641,-0.4284,
7.378544,-0.1311,-0.8949,-0.0172,-0.8131,1.0105,-0.7075,1.1659,-0.1641,-0.4284,
7.380790,-0.1311,-0.8949,-0.0172,-0.8131,1.0105,-0.7075,1.1751,-0.2802,-0.4009,
7.389904,-0.1311,-0.8949,-0.0172,-0.8131,1.0105,-0.7075,1.1226,-0.2747,-0.3924,
7.396750,-0.1531,-0.8917,-0.0474,-0.8131,1.0105,-0.7075,1.1226,-0.2747,-0.3924,
7.398670,-0.1531,-0.8917,-0.0474,-1.0852,1.0303,-1.2150,1.1226,-0.2747,-0.3924,
7.400694,-0.1531,-0.8917,-0.0474,-1.0852,1.0303,-1.2150,1.0187,-0.2319,-0.3789,
7.409967,-0.1531,-0.8917,-0.0474,-1.0852,1.0303,-1.2150,0.9142,-0.2032,-0.3496,
7.416688,-0.1896,-0.9048,0.0660,-1.0852,1.0303,-1.2150,0.9142,-0.2032,-0.3496,
7.419892,-0.1896,-0.9048,0.0660,-1.4813,0.8890,-0.2757,0.9142,-0.2032,-0.3496,
7.421789,-0.1896,-0.9048,0.0660,-1.4813,0.8890,-0.2757,0.8507,-0.1763,-0.3184,
7.430018,-0.1896,-0.9048,0.0660,-1.4813,0.8890,-0.2757,0.8727,-0.1048,-0.2940,
7.436451,-0.2255,-0.9133,0.0465,-1.4813,0.8890,-0.2757,0.8727,-0.1048,-0.2940,
7.438815,-0.2255,-0.9133,0.0465,-1.8422,0.7910,-0.6090,0.8727,-0.1048,-0.2940,
7.440635,-0.2255,-0.9133,0.0465,-1.8422,0.7910,-0.6090,0.9252,-0.1250,-0.2983,
7.449955,-0.2255,-0.9133,0.0465,-1.8422,0.7910,-0.6090,0.9692,-0.1391,-0.3172,
7.456517,-0.2140,-0.9139,-0.0875,-1.8422,0.7910,-0.6090,0.9692,-0.1391,-0.3172,
7.458241,-0.2140,-0.9139,-0.0875,-1.7292,0.7691,-2.0586,0.9692,-0.1391,-0.3172,
7.459947,-0.2140,-0.9139,-0.0875,-1.7292,0.7691,-2.0586,0.9924,-0.1207,-0.3551,
7.470089,-0.2140,-0.9139,-0.0875,-1.7292,0.7691,-2.0586,0.9924,-0.0615,-0.4021,
7.476382,-0.1860,-0.9036,-0.0856,-1.7292,0.7691,-2.0586,0.9924,-0.0615,-0.4021,
7.478259,-0.1860,-0.9036,-0.0856,-1.4661,0.8543,-2.1708,0.9924,-0.0615,-0.4021,
7.480438,-0.1860,-0.9036,-0.0856,-1.4661,0.8543,-2.1708,0.9796,0.0253,-0.4431,
7.490180,-0.1860,-0.9036,-0.0856,-1.4661,0.8543,-2.1708,0.9802,0.1029,-0.4724,
7.496731,-0.1506,-0.8805,0.0851,-1.4661,0.8543,-2.1708,0.9802,0.1029,-0.4724,
7.499141,-0.1506,-0.8805,0.0851,-1.1426,1.0622,-0.6302,0.9802,0.1029,-0.4724,
7.501536,-0.1506,-0.8805,0.0851,-1.1426,1.0622,-0.6302,1.0028,0.1682,-0.5029,
7.510357,-0.1506,-0.8805,0.0851,-1.1426,1.0622,-0.6302,1.0566,0.2311,-0.5420,
7.516884,-0.0776,-0.8926,0.0678,-1.1426,1.0622,-0.6302,1.0566,0.2311,-0.5420,
7.519979,-0.0776,-0.8926,0.0678,-0.4680,0.9223,-0.9433,1.0566,0.2311,-0.5420,
7.522383,-0.0776,-0.8926,0.0678,-0.4680,0.9223,-0.9433,1.1335,0.2947,-0.5933,
7.530413,-0.0776,-0.8926,0.0678,-0.4680,0.9223,-0.9433,1.1989,0.3417,-0.6526,
7.536704,0.0376,-0.9799,-0.1489,-0.4680,0.9223,-0.9433,1.1989,0.3417,-0.6526,
7.540108,0.0376,-0.9799,-0.1489,0.5854,0.0438,-3.2084,1.1989,0.3417,-0.6526,
7.542312,0.0376,-0.9799,-0.1489,0.5854,0.0438,-3.2084,1.2197,0.3539,-0.7143,
7.550288,0.0376,-0.9799,-0.1489,0.5854,0.0438,-3.2084,1.1378,0.3057,-0.7760,
7.556761,0.0311,-1.0668,-0.2354,0.5854,0.0438,-3.2084,1.1378,0.3057,-0.7760,
7.559519,0.0311,-1.0668,-0.2354,0.4128,-0.8271,-4.1714,1.1378,0.3057,-0.7760,
7.561758,0.0311,-1.0668,-0.2354,0.4128,-0.8271,-4.1714,0.9161,0.1884,-0.8456,
7.570426,0.0311,-1.0668,-0.2354,0.4128,-0.8271,-4.1714,0.6339,0.0302,-0.9122,
7.576605,-0.2933,-1.1149,0.0299,0.4128,-0.8271,-4.1714,0.6339,0.0302,-0.9122,
7.578771,-0.2933,-1.1149,0.0299,-2.8805,-1.3082,-1.6222,0.6339,0.0302,-0.9122,
7.581828,-0.2933,-1.1149,0.0299,-2.8805,-1.3082,-1.6222,0.4207,-0.1458,-0.9476,
7.590370,-0.2933,-1.1149,0.0299,-2.8805,-1.3082,-1.6222,0.3150,-0.2741,-0.9195,
7.596952,-0.5827,-1.0710,0.2399,-2.8805,-1.3082,-1.6222,0.3150,-0.2741,-0.9195,
7.601375,-0.5827,-1.0710,0.2399,-5.8023,-0.8797,0.4312,0.3150,-0.2741,-0.9195,
7.603138,-0.5827,-1.0710,0.2399,-5.8023,-0.8797,0.4312,0.2924,-0.2417,-0.8169,
7.610258,-0.5827,-1.0710,0.2399,-5.8023,-0.8797,0.4312,0.4469,0.1731,-0.4308,
7.617502,-0.6413,-1.1434,0.0947,-5.8023,-0.8797,0.4312,0.4469,0.1731,-0.4308,
7.620426,-0.6413,-1.1434,0.0947,-6.3618,-1.5908,-1.0045,0.4469,0.1731,-0.4308,
7.622672,-0.6413,-1.1434,0.0947,-6.3618,-1.5908,-1.0045,0.4891,0.1639,-0.2024,
7.630296,-0.6413,-1.1434,0.0947,-6.3618,-1.5908,-1.0045,0.3810,0.0094,-0.0191,
7.636692,-0.3299,-1.1247,-0.1796,-6.3618,-1.5908,-1.0045,0.3810,0.0094,-0.0191,
7.639834,-0.3299,-1.1247,-0.1796,-3.2009,-1.4078,-3.6940,0.3810,0.0094,-0.0191,
7.642028,-0.3299,-1.1247,-0.1796,-3.2009,-1.4078,-3.6940,0.1843,-0.0700,0.0860,
7.650224,-0.3299,-1.1247,-0.1796,-3.2009,-1.4078,-3.6940,0.0059,-0.0321,0.1147,
7.656713,-0.1670,-1.0956,0.0060,-3.2009,-1.4078,-3.6940,0.0059,-0.0321,0.1147,
7.658594,-0.1670,-1.0956,0.0060,-1.4821,-1.1122,-1.8156,0.0059,-0.0321,0.1147,
7.661324,-0.1670,-1.0956,0.0060,-1.4821,-1.1122,-1.8156,-0.0937,0.0644,0.0853,
7.670248,-0.1670,-1.0956,0.0060,-1.4821,-1.1122,-1.8156,-0.0656,0.1273,0.0615,
7.676543,-0.3414,-1.2434,-0.0688,-1.4821,-1.1122,-1.8156,-0.0656,0.1273,0.0615,
7.678676,-0.3414,-1.2434,-0.0688,-3.0746,-2.5451,-2.4524,-0.0656,0.1273,0.0615,
7.681489,-0.3414,-1.2434,-0.0688,-3.0746,-2.5451,-2.4524,-0.0033,0.0894,0.0915,
7.690473,-0.3414,-1.2434,-0.0688,-3.0746,-2.5451,-2.4524,-0.0674,-0.0187,0.1715,
7.697227,-0.3815,-1.2610,-0.2342,-3.0746,-2.5451,-2.4524,-0.0674,-0.0187,0.1715,
7.699741,-0.3815,-1.2610,-0.2342,-3.3432,-2.7035,-3.9712,-0.0674,-0.0187,0.1715,
7.702141,-0.3815,-1.2610,-0.2342,-3.3432,-2.7035,-3.9712,-0.3050,-0.0859,0.2753,
7.710236,-0.3815,-1.2610,-0.2342,-3.3432,-2.7035,-3.9712,-0.6575,-0.0175,0.3706,
7.717487,-0.3599,-1.1895,-0.1352,-3.3432,-2.7035,-3.9712,-0.6575,-0.0175,0.3706,
7.721147,-0.3599,-1.1895,-0.1352,-2.9781,-1.9804,-2.8170,-0.6575,-0.0175,0.3706,
7.723405,-0.3599,-1.1895,-0.1352,-2.9781,-1.9804,-2.8170,-1.0075,0.1377,0.4647,
7.730513,-0.3599,-1.1895,-0.1352,-2.9781,-1.9804,-2.8170,-1.2867,0.2287,0.5795,
7.736368,-0.2143,-1.0837,-0.2524,-2.9781,-1.9804,-2.8170,-1.2867,0.2287,0.5795,
7.739100,-0.2143,-1.0837,-0.2524,-1.3687,-0.9117,-3.6446,-1.2867,0.2287,0.5795,
7.740968,-0.2143,-1.0837,-0.2524,-1.3687,-0.9117,-3.6446,-1.5268,0.1481,0.7164,
7.750109,-0.2143,-1.0837,-0.2524,-1.3687,-0.9117,-3.6446,-1.7864,-0.0462,0.8465,
7.756733,-0.0461,-1.0112,-0.1076,-1.3687,-0.9117,-3.6446,-1.7864,-0.0462,0.8465,
7.759198,-0.0461,-1.0112,-0.1076,0.4789,-0.1776,-1.8249,-1.7864,-0.0462,0.8465,
7.761206,-0.0461,-1.0112,-0.1076,0.4789,-0.1776,-1.8249,-2.0594,-0.1342,0.9241,
7.769983,-0.0461,-1.0112,-0.1076,0.4789,-0.1776,-1.8249,-2.2751,-0.0254,0.9827,
7.776674,-0.0592,-1.1131,-0.0447,0.4789,-0.1776,-1.8249,-2.2751,-0.0254,0.9827,
7.778244,-0.0592,-1.1131,-0.0447,0.5512,-1.1717,-0.7453,-2.2751,-0.0254,0.9827,
7.780898,-0.0592,-1.1131,-0.0447,0.5512,-1.1717,-0.7453,-2.3942,0.0796,1.1153,
7.789974,-0.0592,-1.1131,-0.0447,0.5512,-1.1717,-0.7453,-2.4590,0.0008,1.5349,
7.796456,-0.0081,-1.2956,-0.0114,0.5512,-1.1717,-0.7453,-2.4590,0.0008,1.5349,
7.798328,-0.0081,-1.2956,-0.0114,1.3061,-2.9896,0.0612,-2.4590,0.0008,1.5349,
7.801015,-0.0081,-1.2956,-0.0114,1.3061,-2.9896,0.0612,-2.5481,-0.2985,1.7072,
7.809938,-0.0081,-1.2956,-0.0114,1.3061,-2.9896,0.0612,-2.5836,-0.3883,1.8220,
7.816787,0.0788,-1.4762,0.1592,1.3061,-2.9896,0.0612,-2.5836,-0.3883,1.8220,
7.819683,0.0788,-1.4762,0.1592,2.4689,-4.8297,2.2031,-2.5836,-0.3883,1.8220,
7.821700,0.0788,-1.4762,0.1592,2.4689,-4.8297,2.2031,-2.6239,-0.5318,1.8550,
7.830050,0.0788,-1.4762,0.1592,2.4689,-4.8297,2.2031,-2.6068,-0.8012,1.8000,
7.836431,0.1952,-1.4953,0.2377,2.4689,-4.8297,2.2031,-2.6068,-0.8012,1.8000,
7.839745,0.1952,-1.4953,0.2377,3.8925,-5.1075,3.3885,-2.6068,-0.8012,1.8000,
7.841699,0.1952,-1.4953,0.2377,3.8925,-5.1075,3.3885,-2.4406,-1.2221,1.6754,
7.850776,0.1952,-1.4953,0.2377,3.8925,-5.1075,3.3885,-2.1407,-1.6968,1.5276,
7.856671,0.0967,-1.3196,0.0288,3.8925,-5.1075,3.3885,-2.1407,-1.6968,1.5276,
7.858594,0.0967,-1.3196,0.0288,3.1717,-3.4785,1.6432,-2.1407,-1.6968,1.5276,
7.860969,0.0967,-1.3196,0.0288,3.1717,-3.4785,1.6432,-1.8487,-2.0407,1.4073,
7.869960,0.0967,-1.3196,0.0288,3.1717,-3.4785,1.6432,-1.7076,-2.0639,1.3346,
7.876376,-0.0523,-1.2439,-0.0650,3.1717,-3.4785,1.6432,-1.7076,-2.0639,1.3346,
7.877846,-0.0523,-1.2439,-0.0650,1.9316,-2.8170,0.8941,-1.7076,-2.0639,1.3346,
7.879918,-0.0523,-1.2439,-0.0650,1.9316,-2.8170,0.8941,-1.7742,-1.5813,1.3120,
7.889764,-0.0523,-1.2439,-0.0650,1.9316,-2.8170,0.8941,-1.8805,-0.5972,1.3223,
7.896498,-0.3353,-1.1190,0.0506,1.9316,-2.8170,0.8941,-1.8805,-0.5972,1.3223,
7.898343,-0.3353,-1.1190,0.0506,-0.6391,-1.6850,2.2320,-1.8805,-0.5972,1.3223,
7.900751,-0.3353,-1.1190,0.0506,-0.6391,-1.6850,2.2320,-1.8218,0.4706,1.3865,
7.909448,-0.3353,-1.1190,0.0506,-0.6391,-1.6850,2.2320,-1.7387,1.1028,1.5740,
7.915894,-0.4599,-0.9827,-0.0172,-0.6391,-1.6850,2.2320,-1.7387,1.1028,1.5740,
7.917488,-0.4599,-0.9827,-0.0172,-1.6676,-0.4643,1.8524,-1.7387,1.1028,1.5740,
7.919360,-0.4599,-0.9827,-0.0172,-1.6676,-0.4643,1.8524,-1.6893,1.1725,1.8257,
7.929331,-0.4599,-0.9827,-0.0172,-1.6676,-0.4643,1.8524,-1.5616,0.9251,2.0444,
7.935844,-0.2588,-0.8288,0.2047,-1.6676,-0.4643,1.8524,-1.5616,0.9251,2.0444,
7.937278,-0.2588,-0.8288,0.2047,0.5627,0.9022,4.2696,-1.5616,0.9251,2.0444,
7.939409,-0.2588,-0.8288,0.2047,0.5627,0.9022,4.2696,-1.3686,0.7864,2.1409,
7.950248,-0.2588,-0.8288,0.2047,0.5627,0.9022,4.2696,-1.1590,0.9666,2.1360,
7.956477,-0.1465,-0.7153,0.2183,0.5627,0.9022,4.2696,-1.1590,0.9666,2.1360,
7.958336,-0.1465,-0.7153,0.2183,1.9506,1.8729,4.5468,-1.1590,0.9666,2.1360,
7.960017,-0.1465,-0.7153,0.2183,1.9506,1.8729,4.5468,-0.9788,1.3618,2.0743,
7.970277,-0.1465,-0.7153,0.2183,1.9506,1.8729,4.5468,-0.8444,1.7174,1.9937,
7.976367,-0.0575,-0.6130,0.0943,1.9506,1.8729,4.5468,-0.8444,1.7174,1.9937,
7.978225,-0.0575,-0.6130,0.0943,3.0357,2.7567,3.4561,-0.8444,1.7174,1.9937,
7.980097,-0.0575,-0.6130,0.0943,3.0357,2.7567,3.4561,-0.7094,2.0460,1.7475,
7.989949,-0.0575,-0.6130,0.0943,3.0357,2.7567,3.4561,-0.6483,2.1920,1.5594,
7.996706,-0.0468,-0.5545,-0.0241,3.0357,2.7567,3.4561,-0.6483,2.1920,1.5594,
7.998749,-0.0468,-0.5545,-0.0241,3.2375,3.2496,2.4308,-0.6483,2.1920,1.5594,
8.000910,-0.0468,-0.5545,-0.0241,3.2375,3.2496,2.4308,-0.5946,2.2091,1.3419,
8.010149,-0.0468,-0.5545,-0.0241,3.2375,3.2496,2.4308,-0.5665,2.0643,1.1110,
8.017237,0.1399,-0.5134,-0.1005,3.2375,3.2496,2.4308,-0.5665,2.0643,1.1110,
8.019879,0.1399,-0.5134,-0.1005,5.0492,3.6151,1.8213,-0.5665,2.0643,1.1110,
8.022245,0.1399,-0.5134,-0.1005,5.0492,3.6151,1.8213,-0.5250,1.9220,0.8813,
8.030417,0.1399,-0.5134,-0.1005,5.0492,3.6151,1.8213,-0.4174,1.7937,0.6547,
8.037566,0.2009,-0.5626,-0.0716,5.0492,3.6151,1.8213,-0.4174,1.7937,0.6547,
8.040197,0.2009,-0.5626,-0.0716,5.5277,3.1460,2.2166,-0.4174,1.7937,0.6547,
8.042343,0.2009,-0.5626,-0.0716,5.5277,3.1460,2.2166,-0.2641,1.7442,0.4348,
8.050880,0.2009,-0.5626,-0.0716,5.5277,3.1460,2.2166,-0.1090,1.7027,0.2069,
8.056593,0.2039,-0.5828,-0.0934,5.5277,3.1460,2.2166,-0.1090,1.7027,0.2069,
8.058689,0.2039,-0.5828,-0.0934,5.3413,3.0128,2.0643,-0.1090,1.7027,0.2069,
8.060623,0.2039,-0.5828,-0.0934,5.3413,3.0128,2.0643,0.0383,1.6099,-0.0326,
8.070414,0.2039,-0.5828,-0.0934,5.3413,3.0128,2.0643,0.1891,1.4370,-0.2647,
8.076925,0.0734,-0.5692,-0.1592,5.3413,3.0128,2.0643,0.1891,1.4370,-0.2647,
8.079813,0.0734,-0.5692,-0.1592,3.7828,3.2446,1.4301,0.1891,1.4370,-0.2647,
8.085202,0.0734,-0.5692,-0.1592,3.7828,3.2446,1.4301,0.3327,1.1841,-0.4785,
8.090157,0.0734,-0.5692,-0.1592,3.7828,3.2446,1.4301,0.4689,0.8841,-0.6874,
8.096441,-0.0986,-0.5927,-0.2485,3.7828,3.2446,1.4301,0.4689,0.8841,-0.6874,
8.099390,-0.0986,-0.5927,-0.2485,1.8070,3.1269,0.5050,0.4689,0.8841,-0.6874,
8.101387,-0.0986,-0.5927,-0.2485,1.8070,3.1269,0.5050,0.5966,0.5818,-0.8780,
8.109951,-0.0986,-0.5927,-0.2485,1.8070,3.1269,0.5050,0.7255,0.3136,-1.0179,
8.117021,-0.2615,-0.6307,-0.3986,1.8070,3.1269,0.5050,0.7255,0.3136,-1.0179,
8.119381,-0.2615,-0.6307,-0.3986,-0.0549,2.8617,-1.0572,0.7255,0.3136,-1.0179,
8.121388,-0.2615,-0.6307,-0.3986,-0.0549,2.8617,-1.0572,0.8733,0.0821,-1.0869,
8.129894,-0.2615,-0.6307,-0.3986,-0.0549,2.8617,-1.0572,1.0358,-0.0883,-1.0875,
8.136500,-0.3233,-0.7101,-0.6428,-0.0549,2.8617,-1.0572,1.0358,-0.0883,-1.0875,
8.139007,-0.3233,-0.7101,-0.6428,-0.8810,2.1754,-3.5598,1.0358,-0.0883,-1.0875,
8.140834,-0.3233,-0.7101,-0.6428,-0.8810,2.1754,-3.5598,1.1934,-0.1794,-1.0619,
8.150286,-0.3233,-0.7101,-0.6428,-0.8810,2.1754,-3.5598,1.2991,-0.1745,-1.0710,
8.156637,-0.4114,-0.8988,-0.8203,-0.8810,2.1754,-3.5598,1.2991,-0.1745,-1.0710,
8.158552,-0.4114,-0.8988,-0.8203,-1.9182,0.4047,-5.4260,1.2991,-0.1745,-1.0710,
8.160794,-0.4114,-0.8988,-0.8203,-1.9182,0.4047,-5.4260,1.1867,-0.3144,-1.1327,
8.169979,-0.4114,-0.8988,-0.8203,-1.9182,0.4047,-5.4260,0.8544,-0.3974,-1.0289,
8.176637,-0.8200,-1.1809,-1.0498,-1.9182,0.4047,-5.4260,0.8544,-0.3974,-1.0289,
8.178595,-0.8200,-1.1809,-1.0498,-6.0433,-2.3125,-7.7476,0.8544,-0.3974,-1.0289,
8.181176,-0.8200,-1.1809,-1.0498,-6.0433,-2.3125,-7.7476,0.3156,-0.2160,-0.7271,
8.189928,-0.8200,-1.1809,-1.0498,-6.0433,-2.3125,-7.7476,-0.0393,-0.1061,-0.2402,
8.196392,-1.1554,-1.3017,-0.5750,-6.0433,-2.3125,-7.7476,-0.0393,-0.1061,-0.2402,
8.198514,-1.1554,-1.3017,-0.5750,-9.3012,-3.5200,-3.0325,-0.0393,-0.1061,-0.2402,
8.201223,-1.1554,-1.3017,-0.5750,-9.3012,-3.5200,-3.0325,-0.0705,-0.1519,0.1721,
8.209912,-1.1554,-1.3017,-0.5750,-9.3012,-3.5200,-3.0325,0.0554,-0.1061,0.3254,
8.217486,-0.6326,-1.0006,-0.4843,-9.3012,-3.5200,-3.0325,0.0554,-0.1061,0.3254,
8.220080,-0.6326,-1.0006,-0.4843,-4.0173,-0.6273,-2.0691,0.0554,-0.1061,0.3254,
8.221998,-0.6326,-1.0006,-0.4843,-4.0173,-0.6273,-2.0691,0.2276,0.0454,0.3321,
8.229882,-0.6326,-1.0006,-0.4843,-4.0173,-0.6273,-2.0691,0.4610,0.0082,0.3059,
8.236697,-0.4505,-1.0586,-0.4184,-4.0173,-0.6273,-2.0691,0.4610,0.0082,0.3059,
8.239588,-0.4505,-1.0586,-0.4184,-2.0860,-1.2329,-1.4194,0.4610,0.0082,0.3059,
8.241430,-0.4505,-1.0586,-0.4184,-2.0860,-1.2329,-1.4194,0.6980,-0.2490,0.2790,
8.250718,-0.4505,-1.0586,-0.4184,-2.0860,-1.2329,-1.4194,0.8782,-0.4848,0.1965,
8.256389,-0.2248,-1.1244,-0.4632,-2.0860,-1.2329,-1.4194,0.8782,-0.4848,0.1965,
8.258104,-0.2248,-1.1244,-0.4632,0.2432,-1.8804,-1.9570,0.8782,-0.4848,0.1965,
8.259803,-0.2248,-1.1244,-0.4632,0.2432,-1.8804,-1.9570,0.9759,-0.6320,0.0627,
8.269993,-0.2248,-1.1244,-0.4632,0.2432,-1.8804,-1.9570,0.9649,-0.6357,-0.0784,
8.276507,-0.0971,-1.2115,-0.4539,0.2432,-1.8804,-1.9570,0.9649,-0.6357,-0.0784,
8.278531,-0.0971,-1.2115,-0.4539,1.5419,-2.7069,-2.0117,0.9649,-0.6357,-0.0784,
8.281283,-0.0971,-1.2115,-0.4539,1.5419,-2.7069,-2.0117,0.8727,-0.4995,-0.1938,
8.289934,-0.0971,-1.2115,-0.4539,1.5419,-2.7069,-2.0117,0.7047,-0.1678,-0.2769,
8.296712,-0.0674,-1.2543,-0.2533,1.5419,-2.7069,-2.0117,0.7047,-0.1678,-0.2769,
8.299299,-0.0674,-1.2543,-0.2533,1.7995,-3.0837,-0.1748,0.7047,-0.1678,-0.2769,
8.301412,-0.0674,-1.2543,-0.2533,1.7995,-3.0837,-0.1748,0.4634,0.2715,-0.3172,
8.309941,-0.0674,-1.2543,-0.2533,1.7995,-3.0837,-0.1748,0.3419,0.3900,-0.2995,
8.317259,0.1423,-1.0580,-0.0716,1.7995,-3.0837,-0.1748,0.3419,0.3900,-0.2995,
8.319836,0.1423,-1.0580,-0.0716,3.7562,-1.1234,1.5631,0.3419,0.3900,-0.2995,
8.321867,0.1423,-1.0580,-0.0716,3.7562,-1.1234,1.5631,0.3400,0.1310,-0.3227,
8.329997,0.1423,-1.0580,-0.0716,3.7562,-1.1234,1.5631,0.3009,-0.3474,-0.4669,
8.336714,0.2768,-0.7450,-0.2167,3.7562,-1.1234,1.5631,0.3009,-0.3474,-0.4669,
8.339995,0.2768,-0.7450,-0.2167,4.9325,1.9881,0.1020,0.3009,-0.3474,-0.4669,
8.341934,0.2768,-0.7450,-0.2167,4.9325,1.9881,0.1020,0.2105,-0.8599,-0.6520,
8.351169,0.2768,-0.7450,-0.2167,4.9325,1.9881,0.1020,0.1488,-1.0389,-0.9996,
8.356404,0.1626,-0.6303,0.4702,4.9325,1.9881,0.1020,0.1488,-1.0389,-0.9996,
8.358279,0.1626,-0.6303,0.4702,3.6134,3.1854,6.7133,0.1488,-1.0389,-0.9996,
8.360033,0.1626,-0.6303,0.4702,3.6134,3.1854,6.7133,0.3761,-0.7627,-1.1370,
8.369994,0.1626,-0.6303,0.4702,3.6134,3.1854,6.7133,0.7432,-0.6045,-1.2231,
8.376265,-0.0114,-0.9199,0.7953,3.6134,3.1854,6.7133,0.7432,-0.6045,-1.2231,
8.377822,-0.0114,-0.9199,0.7953,1.6445,0.4570,9.6278,0.7432,-0.6045,-1.2231,
8.379853,-0.0114,-0.9199,0.7953,1.6445,0.4570,9.6278,1.0706,-0.6723,-1.2378,
8.389809,-0.0114,-0.9199,0.7953,1.6445,0.4570,9.6278,1.2832,-0.7371,-1.1724,
8.396627,-0.2529,-1.1463,0.6087,1.6445,0.4570,9.6278,1.2832,-0.7371,-1.1724,
8.399694,-0.2529,-1.1463,0.6087,-0.9582,-1.6498,7.3835,1.2832,-0.7371,-1.1724,
8.402094,-0.2529,-1.1463,0.6087,-0.9582,-1.6498,7.3835,1.4506,-0.5856,-1.0344,
8.410090,-0.2529,-1.1463,0.6087,-0.9582,-1.6498,7.3835,1.6283,-0.2686,-0.8615,
8.417726,-0.2880,-0.9605,-0.2253,-0.9582,-1.6498,7.3835,1.6283,-0.2686,-0.8615,
8.420313,-0.2880,-0.9605,-0.2253,-1.4770,0.2485,-1.1981,1.6283,-0.2686,-0.8615,
8.422124,-0.2880,-0.9605,-0.2253,-1.4770,0.2485,-1.1981,1.7487,0.1065,-0.6996,
8.429942,-0.2880,-0.9605,-0.2253,-1.4770,0.2485,-1.1981,1.6485,0.4822,-0.5927,
8.436435,-0.0541,-0.8276,-0.4184,-1.4770,0.2485,-1.1981,1.6485,0.4822,-0.5927,
8.438689,-0.0541,-0.8276,-0.4184,0.6842,1.5971,-3.4209,1.6485,0.4822,-0.5927,
8.440548,-0.0541,-0.8276,-0.4184,0.6842,1.5971,-3.4209,1.3064,0.7436,-0.5719,
8.450908,-0.0541,-0.8276,-0.4184,0.6842,1.5971,-3.4209,0.9918,0.8243,-0.5982,
8.456387,0.0563,-0.8465,-0.0089,0.6842,1.5971,-3.4209,0.9918,0.8243,-0.5982,
8.458251,0.0563,-0.8465,-0.0089,1.6374,1.4392,0.3816,0.9918,0.8243,-0.5982,
8.459843,0.0563,-0.8465,-0.0089,1.6374,1.4392,0.3816,0.9106,0.7565,-0.6263,
8.470187,0.0563,-0.8465,-0.0089,1.6374,1.4392,0.3816,0.9833,0.5751,-0.6501,
8.476670,0.0064,-0.8953,0.0925,1.6374,1.4392,0.3816,0.9833,0.5751,-0.6501,
8.478367,0.0064,-0.8953,0.0925,1.0091,0.9830,1.1952,0.9833,0.5751,-0.6501,
8.480537,0.0064,-0.8953,0.0925,1.0091,0.9830,1.1952,1.0578,0.3509,-0.6837,
8.490056,0.0064,-0.8953,0.0925,1.0091,0.9830,1.1952,1.0731,0.1810,-0.7045,
8.496493,-0.1576,-0.9469,0.1098,1.0091,0.9830,1.1952,1.0731,0.1810,-0.7045,
8.498396,-0.1576,-0.9469,0.1098,-0.7341,0.4929,1.1539,1.0731,0.1810,-0.7045,
8.500965,-0.1576,-0.9469,0.1098,-0.7341,0.4929,1.1539,1.0566,0.0735,-0.6941,
8.510065,-0.1576,-0.9469,0.1098,-0.7341,0.4929,1.1539,1.0828,0.0821,-0.6575,
8.518108,-0.2746,-0.9591,0.1323,-0.7341,0.4929,1.1539,1.0828,0.0821,-0.6575,
8.521181,-0.2746,-0.9591,0.1323,-1.9977,0.3814,1.1532,1.0828,0.0821,-0.6575,
8.523083,-0.2746,-0.9591,0.1323,-1.9977,0.3814,1.1532,1.1708,0.2159,-0.6147,
8.530050,-0.2746,-0.9591,0.1323,-1.9977,0.3814,1.1532,1.2985,0.3380,-0.5176,
8.536980,-0.3053,-0.9180,0.0035,-1.9977,0.3814,1.1532,1.2985,0.3380,-0.5176,
8.540140,-0.3053,-0.9180,0.0035,-2.3684,0.7830,-0.3516,1.2985,0.3380,-0.5176,
8.542371,-0.3053,-0.9180,0.0035,-2.3684,0.7830,-0.3516,1.2832,0.3643,-0.4626,
8.551413,-0.3053,-0.9180,0.0035,-2.3684,0.7830,-0.3516,1.2093,0.3820,-0.4131,
8.556379,-0.2642,-0.8852,-0.0823,-2.3684,0.7830,-0.3516,1.2093,0.3820,-0.4131,
8.558237,-0.2642,-0.8852,-0.0823,-1.9865,1.0939,-1.4133,1.2093,0.3820,-0.4131,
8.560008,-0.2642,-0.8852,-0.0823,-1.9865,1.0939,-1.4133,1.1073,0.3942,-0.3490,
8.570024,-0.2642,-0.8852,-0.0823,-1.9865,1.0939,-1.4133,1.0120,0.4437,-0.2855,
8.576417,-0.1797,-0.9139,-0.0160,-1.9865,1.0939,-1.4133,1.0120,0.4437,-0.2855,
8.578123,-0.1797,-0.9139,-0.0160,-1.1542,0.8001,-0.9362,1.0120,0.4437,-0.2855,
8.580281,-0.1797,-0.9139,-0.0160,-1.1542,0.8001,-0.9362,0.9546,0.5231,-0.2396,
8.589975,-0.1797,-0.9139,-0.0160,-1.1542,0.8001,-0.9362,0.9540,0.5824,-0.2140,
8.596752,-0.0738,-0.9357,-0.0154,-1.1542,0.8001,-0.9362,0.9540,0.5824,-0.2140,
8.604931,-0.0738,-0.9357,-0.0154,-0.1107,0.5739,-1.0759,0.9540,0.5824,-0.2140,
8.607269,-0.0738,-0.9357,-0.0154,-0.1107,0.5739,-1.0759,0.9875,0.5714,-0.2066,
8.611955,-0.0738,-0.9357,-0.0154,-0.1107,0.5739,-1.0759,1.0218,0.5048,-0.2158,
8.619767,-0.0271,-0.9070,-0.1219,-0.1107,0.5739,-1.0759,1.0218,0.5048,-0.2158,
8.622388,-0.0271,-0.9070,-0.1219,0.3455,0.8417,-2.2533,1.0218,0.5048,-0.2158,
8.624761,-0.0271,-0.9070,-0.1219,0.3455,0.8417,-2.2533,1.0389,0.4370,-0.2445,
8.630143,-0.0271,-0.9070,-0.1219,0.3455,0.8417,-2.2533,1.0499,0.4028,-0.3032,
8.636745,-0.0309,-0.9098,-0.0646,0.3455,0.8417,-2.2533,1.0499,0.4028,-0.3032,
8.640750,-0.0309,-0.9098,-0.0646,0.2849,0.8006,-1.8220,1.0499,0.4028,-0.3032,
8.642425,-0.0309,-0.9098,-0.0646,0.2849,0.8006,-1.8220,1.0401,0.3686,-0.3814,
8.652014,-0.0309,-0.9098,-0.0646,0.2849,0.8006,-1.8220,0.9967,0.3240,-0.4571,
8.656687,-0.0589,-0.8859,0.1167,0.2849,0.8006,-1.8220,0.9967,0.3240,-0.4571,
8.659160,-0.0589,-0.8859,0.1167,-0.0464,1.0194,-0.1923,0.9967,0.3240,-0.4571,
8.661497,-0.0589,-0.8859,0.1167,-0.0464,1.0194,-0.1923,0.9637,0.2800,-0.5212,
8.670162,-0.0589,-0.8859,0.1167,-0.0464,1.0194,-0.1923,0.9784,0.2440,-0.5713,
8.676822,-0.0358,-0.8674,0.1554,-0.0464,1.0194,-0.1923,0.9784,0.2440,-0.5713,
8.679021,-0.0358,-0.8674,0.1554,0.0918,1.1817,0.0302,0.9784,0.2440,-0.5713,
8.681204,-0.0358,-0.8674,0.1554,0.0918,1.1817,0.0302,1.0462,0.2207,-0.6159,
8.690263,-0.0358,-0.8674,0.1554,0.0918,1.1817,0.0302,1.1598,0.1988,-0.6611,
8.696669,0.0033,-1.0293,-0.0702,0.0918,1.1817,0.0302,1.1598,0.1988,-0.6611,
8.699346,0.0033,-1.0293,-0.0702,0.3664,-0.4251,-2.3348,1.1598,0.1988,-0.6611,
8.701824,0.0033,-1.0293,-0.0702,0.3664,-0.4251,-2.3348,1.2814,0.1401,-0.7027,
8.710286,0.0033,-1.0293,-0.0702,0.3664,-0.4251,-2.3348,1.3034,0.0412,-0.8065,
8.718240,-0.0676,-1.1019,-0.2577,0.3664,-0.4251,-2.3348,1.3034,0.0412,-0.8065,
8.721413,-0.0676,-1.1019,-0.2577,-0.4545,-1.1604,-4.3216,1.3034,0.0412,-0.8065,
8.723724,-0.0676,-1.1019,-0.2577,-0.4545,-1.1604,-4.3216,0.8525,-0.0737,-0.8542,
8.730159,-0.0676,-1.1019,-0.2577,-0.4545,-1.1604,-4.3216,0.5624,-0.1122,-0.8603,
8.736635,-0.3112,-1.0686,-0.0782,-0.4545,-1.1604,-4.3216,0.5624,-0.1122,-0.8603,
8.739799,-0.3112,-1.0686,-0.0782,-2.9636,-0.8385,-2.5975,0.5624,-0.1122,-0.8603,
8.741878,-0.3112,-1.0686,-0.0782,-2.9636,-0.8385,-2.5975,0.3681,-0.1519,-0.8071,
8.751848,-0.3112,-1.0686,-0.0782,-2.9636,-0.8385,-2.5975,0.2851,-0.1244,-0.7008,
8.756669,-0.5096,-1.0343,0.1995,-2.9636,-0.8385,-2.5975,0.2851,-0.1244,-0.7008,
8.759024,-0.5096,-1.0343,0.1995,-4.9666,-0.5002,0.1317,0.2851,-0.1244,-0.7008,
8.761017,-0.5096,-1.0343,0.1995,-4.9666,-0.5002,0.1317,0.3003,-0.0315,-0.5640,
8.770165,-0.5096,-1.0343,0.1995,-4.9666,-0.5002,0.1317,0.3645,0.0467,-0.4064,
8.776723,-0.4521,-1.0731,0.0655,-4.9666,-0.5002,0.1317,0.3645,0.0467,-0.4064,
8.779034,-0.4521,-1.0731,0.0655,-4.3852,-0.8810,-1.1817,0.3645,0.0467,-0.4064,
8.781405,-0.4521,-1.0731,0.0655,-4.3852,-0.8810,-1.1817,0.3852,0.0595,-0.2671,
8.790162,-0.4521,-1.0731,0.0655,-4.3852,-0.8810,-1.1817,0.3150,0.0607,-0.1767,
8.796435,-0.3472,-1.0889,0.0486,-4.3852,-0.8810,-1.1817,0.3150,0.0607,-0.1767,
8.798412,-0.3472,-1.0889,0.0486,-3.2856,-1.0371,-1.3525,0.3150,0.0607,-0.1767,
8.801029,-0.3472,-1.0889,0.0486,-3.2856,-1.0371,-1.3525,0.2264,0.0943,-0.1004,
8.809917,-0.3472,-1.0889,0.0486,-3.2856,-1.0371,-1.3525,0.1806,0.1364,-0.0319,
8.818161,-0.2795,-1.1170,0.0601,-3.2856,-1.0371,-1.3525,0.1806,0.1364,-0.0319,
8.820831,-0.2795,-1.1170,0.0601,-2.5276,-1.3103,-1.2201,0.1806,0.1364,-0.0319,
8.822828,-0.2795,-1.1170,0.0601,-2.5276,-1.3103,-1.2201,0.1452,0.1707,0.0108,
8.830005,-0.2795,-1.1170,0.0601,-2.5276,-1.3103,-1.2201,0.1134,0.2104,0.0469,
8.836435,-0.3040,-1.2094,-0.0369,-2.5276,-1.3103,-1.2201,0.1134,0.2104,0.0469,
8.840118,-0.3040,-1.2094,-0.0369,-2.6602,-2.2119,-2.1298,0.1134,0.2104,0.0469,
8.842258,-0.3040,-1.2094,-0.0369,-2.6602,-2.2119,-2.1298,0.0994,0.2330,0.1000,
8.853005,-0.3040,-1.2094,-0.0369,-2.6602,-2.2119,-2.1298,0.0071,0.1926,0.1672,
8.856659,-0.3386,-1.2428,-0.1345,-2.6602,-2.2119,-2.1298,0.0071,0.1926,0.1672,
8.858775,-0.3386,-1.2428,-0.1345,-2.8750,-2.5314,-3.0183,0.0071,0.1926,0.1672,
8.861355,-0.3386,-1.2428,-0.1345,-2.8750,-2.5314,-3.0183,-0.2238,0.1578,0.2374,
8.869938,-0.3386,-1.2428,-0.1345,-2.8750,-2.5314,-3.0183,-0.5170,0.2036,0.3266,
8.876600,-0.3426,-1.2210,-0.0691,-2.8750,-2.5314,-3.0183,-0.5170,0.2036,0.3266,
8.878539,-0.3426,-1.2210,-0.0691,-2.7692,-2.3014,-2.2316,-0.5170,0.2036,0.3266,
8.880807,-0.3426,-1.2210,-0.0691,-2.7692,-2.3014,-2.2316,-0.7681,0.2696,0.4396,
8.889943,-0.3426,-1.2210,-0.0691,-2.7692,-2.3014,-2.2316,-0.9733,0.2085,0.5698,
8.896409,-0.2039,-1.1562,-0.2245,-2.7692,-2.3014,-2.2316,-0.9733,0.2085,0.5698,
8.898827,-0.2039,-1.1562,-0.2245,-1.2368,-1.6403,-3.5003,-0.9733,0.2085,0.5698,
8.901079,-0.2039,-1.1562,-0.2245,-1.2368,-1.6403,-3.5003,-1.5420,-0.1281,0.8330,
8.909846,-0.2039,-1.1562,-0.2245,-1.2368,-1.6403,-3.5003,-1.8896,-0.2191,0.9369,
8.918232,-0.0231,-1.1247,-0.2359,-1.2368,-1.6403,-3.5003,-1.8896,-0.2191,0.9369,
8.920654,-0.0231,-1.1247,-0.2359,0.7384,-1.3032,-3.2007,-1.8896,-0.2191,0.9369,
8.923248,-0.0231,-1.1247,-0.2359,0.7384,-1.3032,-3.2007,-2.2097,-0.2282,1.0200,
8.929822,-0.0231,-1.1247,-0.2359,0.7384,-1.3032,-3.2007,-2.4596,-0.1867,1.1153,
8.936318,0.0321,-1.2080,-0.1085,0.7384,-1.3032,-3.2007,-2.4596,-0.1867,1.1153,
8.939213,0.0321,-1.2080,-0.1085,1.4867,-2.1095,-1.4517,-2.4596,-0.1867,1.1153,
8.941012,0.0321,-1.2080,-0.1085,1.4867,-2.1095,-1.4517,-2.6276,-0.2637,1.2564,
8.951590,0.0321,-1.2080,-0.1085,1.4867,-2.1095,-1.4517,-2.7271,-0.5349,1.4073,
8.956729,0.1207,-1.2981,-0.0220,1.4867,-2.1095,-1.4517,-2.7271,-0.5349,1.4073,
8.958445,0.1207,-1.2981,-0.0220,2.5910,-3.0176,-0.0774,-2.7271,-0.5349,1.4073,
8.960162,0.1207,-1.2981,-0.0220,2.5910,-3.0176,-0.0774,-2.7723,-0.8238,1.5227,
8.969971,0.1207,-1.2981,-0.0220,2.5910,-3.0176,-0.0774,-2.7626,-0.9894,1.5838,
8.976524,0.2116,-1.4166,0.1042,2.5910,-3.0176,-0.0774,-2.7626,-0.9894,1.5838,
8.978365,0.2116,-1.4166,0.1042,3.7204,-4.2361,1.6534,-2.7626,-0.9894,1.5838,
8.980077,0.2116,-1.4166,0.1042,3.7204,-4.2361,1.6534,-2.7167,-1.0975,1.6040,
8.989918,0.2116,-1.4166,0.1042,3.7204,-4.2361,1.6534,-2.6557,-1.2545,1.5911,
8.996523,0.2372,-1.4233,0.0632,3.7204,-4.2361,1.6534,-2.6557,-1.2545,1.5911,
8.998391,0.2372,-1.4233,0.0632,4.2016,-4.3824,1.6846,-2.6557,-1.2545,1.5911,
9.000673,0.2372,-1.4233,0.0632,4.2016,-4.3824,1.6846,-2.5707,-1.5001,1.5557,
9.009903,0.2372,-1.4233,0.0632,4.2016,-4.3824,1.6846,-2.4632,-1.8324,1.4854,
9.018027,0.1495,-1.3172,-0.1470,4.2016,-4.3824,1.6846,-2.4632,-1.8324,1.4854,
9.020144,0.1495,-1.3172,-0.1470,3.5613,-3.4362,-0.0064,-2.4632,-1.8324,1.4854,
9.022092,0.1495,-1.3172,-0.1470,3.5613,-3.4362,-0.0064,-2.3942,-2.1567,1.3938,
9.029880,0.1495,-1.3172,-0.1470,3.5613,-3.4362,-0.0064,-2.4223,-2.2905,1.3162,
9.036610,0.0064,-1.2066,-0.2129,3.5613,-3.4362,-0.0064,-2.4223,-2.2905,1.3162,
9.038762,0.0064,-1.2066,-0.2129,2.3718,-2.4557,-0.3394,-2.4223,-2.2905,1.3162,
9.040679,0.0064,-1.2066,-0.2129,2.3718,-2.4557,-0.3394,-2.5579,-2.2221,1.2833,
9.052344,0.0064,-1.2066,-0.2129,2.3718,-2.4557,-0.3394,-2.6923,-2.0358,1.2833,
9.056692,-0.0447,-1.0405,0.3814,2.3718,-2.4557,-0.3394,-2.6923,-2.0358,1.2833,
9.058539,-0.0447,-1.0405,0.3814,2.0799,-0.9405,5.7740,-2.6923,-2.0358,1.2833,
9.060644,-0.0447,-1.0405,0.3814,2.0799,-0.9405,5.7740,-2.5408,-1.5257,1.2277,
9.070249,-0.0447,-1.0405,0.3814,2.0799,-0.9405,5.7740,-2.1016,-0.6968,1.1379,
9.076616,-0.4347,-1.0094,-0.0831,2.0799,-0.9405,5.7740,-2.1016,-0.6968,1.1379,
9.078472,-0.4347,-1.0094,-0.0831,-1.5513,-0.7545,1.4976,-2.1016,-0.6968,1.1379,
9.080590,-0.4347,-1.0094,-0.0831,-1.5513,-0.7545,1.4976,-1.7962,0.3197,1.4580,
9.090188,-0.4347,-1.0094,-0.0831,-1.5513,-0.7545,1.4976,-1.7992,0.4016,1.7353,
9.096615,-0.4120,-0.9285,0.0286,-1.5513,-0.7545,1.4976,-1.7992,0.4016,1.7353,
9.100280,-0.4120,-0.9285,0.0286,-1.1081,-0.0948,2.8315,-1.7992,0.4016,1.7353,
9.102651,-0.4120,-0.9285,0.0286,-1.1081,-0.0948,2.8315,-1.6386,0.4156,1.8715,
9.110382,-0.4120,-0.9285,0.0286,-1.1081,-0.0948,2.8315,-1.3606,0.5011,1.8776,
9.119176,-0.2342,-0.8311,0.2102,-1.1081,-0.0948,2.8315,-1.3606,0.5011,1.8776,
9.121547,-0.2342,-0.8311,0.2102,0.8963,0.7216,4.7749,-1.3606,0.5011,1.8776,
9.123820,-0.2342,-0.8311,0.2102,0.8963,0.7216,4.7749,-1.0607,0.7479,1.8593,
9.130077,-0.2342,-0.8311,0.2102,0.8963,0.7216,4.7749,-0.8231,1.0631,1.8361,
9.136819,-0.1362,-0.7030,0.1109,0.8963,0.7216,4.7749,-0.8231,1.0631,1.8361,
9.140087,-0.1362,-0.7030,0.1109,2.0747,1.8696,3.8849,-0.8231,1.0631,1.8361,
9.142282,-0.1362,-0.7030,0.1109,2.0747,1.8696,3.8849,-0.6887,1.3667,1.7774,
9.152256,-0.1362,-0.7030,0.1109,2.0747,1.8696,3.8849,-0.6429,1.6832,1.6699,
9.156808,-0.0805,-0.5521,-0.1083,2.0747,1.8696,3.8849,-0.6429,1.6832,1.6699,
9.158936,-0.0805,-0.5521,-0.1083,2.7673,3.2575,1.8336,-0.6429,1.6832,1.6699,
9.161069,-0.0805,-0.5521,-0.1083,2.7673,3.2575,1.8336,-0.6386,1.8340,1.5355,
9.170225,-0.0805,-0.5521,-0.1083,2.7673,3.2575,1.8336,-0.6355,1.7668,1.3712,
9.176889,-0.0037,-0.4989,-0.0662,2.7673,3.2575,1.8336,-0.6355,1.7668,1.3712,
9.179242,-0.0037,-0.4989,-0.0662,3.5816,3.7127,2.3669,-0.6355,1.7668,1.3712,
9.181443,-0.0037,-0.4989,-0.0662,3.5816,3.7127,2.3669,-0.5769,1.6435,1.1831,
9.190310,-0.0037,-0.4989,-0.0662,3.5816,3.7127,2.3669,-0.4645,1.5860,0.9900,
9.196536,0.0109,-0.5294,-0.0305,3.5816,3.7127,2.3669,-0.4645,1.5860,0.9900,
9.199387,0.0109,-0.5294,-0.0305,3.7169,3.3835,2.8089,-0.4645,1.5860,0.9900,
9.201977,0.0109,-0.5294,-0.0305,3.7169,3.3835,2.8089,-0.3289,1.5976,0.8111,
9.210197,0.0109,-0.5294,-0.0305,3.7169,3.3835,2.8089,-0.1743,1.6593,0.6455,
9.218598,0.0683,-0.5697,0.0012,3.7169,3.3835,2.8089,-0.1743,1.6593,0.6455,
9.221181,0.0683,-0.5697,0.0012,4.1901,3.0096,3.1642,-0.1743,1.6593,0.6455,
9.223154,0.0683,-0.5697,0.0012,4.1901,3.0096,3.1642,0.0004,1.7027,0.4830,
9.230072,0.0683,-0.5697,0.0012,4.1901,3.0096,3.1642,0.1910,1.7100,0.3101,
9.236610,0.1394,-0.5104,-0.0349,4.1901,3.0096,3.1642,0.1910,1.7100,0.3101,
9.239489,0.1394,-0.5104,-0.0349,4.7118,3.6634,2.8033,0.1910,1.7100,0.3101,
9.241223,0.1394,-0.5104,-0.0349,4.7118,3.6634,2.8033,0.3865,1.6086,0.1251,
9.251899,0.1394,-0.5104,-0.0349,4.7118,3.6634,2.8033,0.5862,1.3820,-0.0967,
9.256540,0.0932,-0.4771,-0.1314,4.7118,3.6634,2.8033,0.5862,1.3820,-0.0967,
9.258440,0.0932,-0.4771,-0.1314,4.0562,4.0830,1.8062,0.5862,1.3820,-0.0967,
9.260213,0.0932,-0.4771,-0.1314,4.0562,4.0830,1.8062,0.7817,1.0833,-0.3508,
9.270288,0.0932,-0.4771,-0.1314,4.0562,4.0830,1.8062,1.1274,0.5482,-0.7925,
9.276807,-0.0832,-0.5382,-0.2647,4.0562,4.0830,1.8062,1.1274,0.5482,-0.7925,
9.279249,-0.0832,-0.5382,-0.2647,2.0904,3.6166,0.3517,1.1274,0.5482,-0.7925,
9.281486,-0.0832,-0.5382,-0.2647,2.0904,3.6166,0.3517,1.2753,0.3637,-0.9507,
9.290407,-0.0832,-0.5382,-0.2647,2.0904,3.6166,0.3517,1.3907,0.2079,-1.0613,
9.296591,-0.2626,-0.6048,-0.4153,2.0904,3.6166,0.3517,1.3907,0.2079,-1.0613,
9.299389,-0.2626,-0.6048,-0.4153,0.0764,3.1095,-1.3331,1.3907,0.2079,-1.0613,
9.302004,-0.2626,-0.6048,-0.4153,0.0764,3.1095,-1.3331,1.4671,0.1114,-1.1211,
9.310557,-0.2626,-0.6048,-0.4153,0.0764,3.1095,-1.3331,1.4836,0.1132,-1.1413,
9.319742,-0.4082,-0.7329,-0.6555,0.0764,3.1095,-1.3331,1.4836,0.1132,-1.1413,
9.322323,-0.4082,-0.7329,-0.6555,-1.5684,1.9685,-3.8717,1.4836,0.1132,-1.1413,
9.324575,-0.4082,-0.7329,-0.6555,-1.5684,1.9685,-3.8717,1.4219,0.1597,-1.1242,
9.330209,-0.4082,-0.7329,-0.6555,-1.5684,1.9685,-3.8717,1.2899,0.1523,-1.0393,
9.336673,-0.8378,-1.1887,-1.1230,-1.5684,1.9685,-3.8717,1.2899,0.1523,-1.0393,
9.339892,-0.8378,-1.1887,-1.1230,-5.9319,-2.4270,-8.5696,1.2899,0.1523,-1.0393,
9.342212,-0.8378,-1.1887,-1.1230,-5.9319,-2.4270,-8.5696,1.0554,0.1157,-0.8456,
9.352564,-0.8378,-1.1887,-1.1230,-5.9319,-2.4270,-8.5696,0.6558,0.1389,-0.5493,
9.357198,-0.9984,-1.4021,-0.9163,-5.9319,-2.4270,-8.5696,0.6558,0.1389,-0.5493,
9.359146,-0.9984,-1.4021,-0.9163,-7.5544,-4.4968,-6.5800,0.6558,0.1389,-0.5493,
9.361324,-0.9984,-1.4021,-0.9163,-7.5544,-4.4968,-6.5800,0.2508,0.1010,-0.2164,
9.370316,-0.9984,-1.4021,-0.9163,-7.5544,-4.4968,-6.5800,0.0205,-0.0609,0.0768,
9.376854,-0.6103,-1.1231,-0.4997,-7.5544,-4.4968,-6.5800,0.0205,-0.0609,0.0768,
9.379143,-0.6103,-1.1231,-0.4997,-3.6797,-1.7991,-2.4261,0.0205,-0.0609,0.0768,
9.381290,-0.6103,-1.1231,-0.4997,-3.6797,-1.7991,-2.4261,-0.0033,-0.1281,0.2503,
9.390104,-0.6103,-1.1231,-0.4997,-3.6797,-1.7991,-2.4261,0.1226,0.0167,0.3046,
9.396752,-0.4329,-0.8052,-0.5632,-3.6797,-1.7991,-2.4261,0.1226,0.0167,0.3046,
9.398911,-0.4329,-0.8052,-0.5632,-1.8102,1.2588,-2.9645,0.1226,0.0167,0.3046,
9.401016,-0.4329,-0.8052,-0.5632,-1.8102,1.2588,-2.9645,0.2502,0.2128,0.3132,
9.410094,-0.4329,-0.8052,-0.5632,-1.8102,1.2588,-2.9645,0.3132,0.2800,0.3175,
9.418925,-0.3710,-0.9214,-0.4763,-1.8102,1.2588,-2.9645,0.3132,0.2800,0.3175,
9.421188,-0.3710,-0.9214,-0.4763,-1.0952,0.0769,-2.0625,0.3132,0.2800,0.3175,
9.423297,-0.3710,-0.9214,-0.4763,-1.0952,0.0769,-2.0625,0.4036,0.0919,0.2680,
9.429981,-0.3710,-0.9214,-0.4763,-1.0952,0.0769,-2.0625,0.5734,-0.1531,0.1360,
9.436775,-0.2657,-1.1535,-0.4879,-1.0952,0.0769,-2.0625,0.5734,-0.1531,0.1360,
9.439872,-0.2657,-1.1535,-0.4879,0.0109,-2.2150,-2.1888,0.5734,-0.1531,0.1360,
9.441544,-0.2657,-1.1535,-0.4879,0.0109,-2.2150,-2.1888,0.7212,-0.3590,-0.0124,
9.452722,-0.2657,-1.1535,-0.4879,0.0109,-2.2150,-2.1888,0.6723,-0.4549,-0.2097,
9.456895,-0.2278,-1.2080,-0.2684,0.0109,-2.2150,-2.1888,0.6723,-0.4549,-0.2097,
9.459152,-0.2278,-1.2080,-0.2684,0.3962,-2.7253,-0.1369,0.6723,-0.4549,-0.2097,
9.462577,-0.2278,-1.2080,-0.2684,0.3962,-2.7253,-0.1369,0.5728,-0.3156,-0.1969,
9.476695,-0.1085,-1.3610,0.0098,0.3962,-2.7253,-0.1369,0.5728,-0.3156,-0.1969,
9.479596,-0.1085,-1.3610,0.0098,1.5502,-4.2012,2.5163,0.5728,-0.3156,-0.1969,
9.481723,-0.1085,-1.3610,0.0098,1.5502,-4.2012,2.5163,0.5441,0.4168,-0.0552,
9.490240,-0.1085,-1.3610,0.0098,1.5502,-4.2012,2.5163,0.4811,0.2959,0.0157,
9.496758,0.0562,-1.1856,-0.1873,1.5502,-4.2012,2.5163,0.4811,0.2959,0.0157,
9.499332,0.0562,-1.1856,-0.1873,3.1088,-2.4402,0.4831,0.4811,0.2959,0.0157,
9.501744,0.0562,-1.1856,-0.1873,3.1088,-2.4402,0.4831,0.3822,-0.1336,-0.0264,
9.510473,0.0562,-1.1856,-0.1873,3.1088,-2.4402,0.4831,0.1739,-0.4237,-0.2415,
9.525448,0.4609,-0.7158,-0.3456,3.1088,-2.4402,0.4831,0.1739,-0.4237,-0.2415,
9.528406,0.4609,-0.7158,-0.3456,6.9702,2.2024,-1.1084,0.1739,-0.4237,-0.2415,
9.532215,0.4609,-0.7158,-0.3456,6.9702,2.2024,-1.1084,-0.1206,-0.4439,-0.5884,
9.534144,0.4609,-0.7158,-0.3456,6.9702,2.2024,-1.1084,-0.2372,-0.3260,-0.9220,
9.536834,0.0712,-0.7892,0.5740,6.9702,2.2024,-1.1084,-0.2372,-0.3260,-0.9220,
9.538616,0.0712,-0.7892,0.5740,2.9372,1.5487,7.8565,-0.2372,-0.3260,-0.9220,
9.540834,0.0712,-0.7892,0.5740,2.9372,1.5487,7.8565,-0.0344,-0.2502,-1.1633,
9.549949,0.0712,-0.7892,0.5740,2.9372,1.5487,7.8565,0.4396,-0.3009,-1.3068,
9.556257,-0.3076,-1.0713,1.0234,2.9372,1.5487,7.8565,0.4396,-0.3009,-1.3068,
9.557812,-0.3076,-1.0713,1.0234,-1.0355,-1.1064,12.0397,0.4396,-0.3009,-1.3068,
9.559744,-0.3076,-1.0713,1.0234,-1.0355,-1.1064,12.0397,1.0578,-0.4268,-1.2928,
9.569857,-0.3076,-1.0713,1.0234,-1.0355,-1.1064,12.0397,1.5410,-0.5428,-1.1791,
9.576435,-0.3680,-1.1387,0.5684,-1.0355,-1.1064,12.0397,1.5410,-0.5428,-1.1791,
9.577897,-0.3680,-1.1387,0.5684,-1.8495,-1.6390,7.1334,1.5410,-0.5428,-1.1791,
9.579739,-0.3680,-1.1387,0.5684,-1.8495,-1.6390,7.1334,1.7646,-0.5630,-1.0619,
9.590124,-0.3680,-1.1387,0.5684,-1.8495,-1.6390,7.1334,1.8696,-0.4066,-0.9134,
9.596660,-0.3374,-1.0156,-0.0735,-1.8495,-1.6390,7.1334,1.8696,-0.4066,-0.9134,
9.598343,-0.3374,-1.0156,-0.0735,-1.7084,-0.3368,0.3521,1.8696,-0.4066,-0.9134,
9.601224,-0.3374,-1.0156,-0.0735,-1.7084,-0.3368,0.3521,1.9979,-0.0639,-0.7057,
9.609979,-0.3374,-1.0156,-0.0735,-1.7084,-0.3368,0.3521,2.0132,0.4156,-0.5109,
9.618801,-0.0192,-0.8131,-0.6886,-1.7084,-0.3368,0.3521,2.0132,0.4156,-0.5109,
9.621182,-0.0192,-0.8131,-0.6886,1.2914,1.7021,-6.0602,2.0132,0.4156,-0.5109,
9.623198,-0.0192,-0.8131,-0.6886,1.2914,1.7021,-6.0602,1.6577,0.8652,-0.4388,
9.629927,-0.0192,-0.8131,-0.6886,1.2914,1.7021,-6.0602,1.1128,1.0839,-0.5927,
9.636494,0.0873,-0.8617,-0.1114,1.2914,1.7021,-6.0602,1.1128,1.0839,-0.5927,
9.639263,0.0873,-0.8617,-0.1114,2.2184,1.2569,-0.6437,1.1128,1.0839,-0.5927,
9.641092,0.0873,-0.8617,-0.1114,2.2184,1.2569,-0.6437,0.8330,0.8341,-0.6740,
9.649970,0.0873,-0.8617,-0.1114,2.2184,1.2569,-0.6437,0.9051,0.5726,-0.7283,
9.656508,0.0470,-0.9684,0.0473,2.2184,1.2569,-0.6437,0.9051,0.5726,-0.7283,
9.658976,0.0470,-0.9684,0.0473,1.6691,0.2368,0.7602,0.9051,0.5726,-0.7283,
9.660652,0.0470,-0.9684,0.0473,1.6691,0.2368,0.7602,0.9118,0.3503,-0.7552,
9.670038,0.0470,-0.9684,0.0473,1.6691,0.2368,0.7602,0.8733,0.2293,-0.7448,
9.676528,-0.0484,-0.9234,0.0171,1.6691,0.2368,0.7602,0.8733,0.2293,-0.7448,
9.678071,-0.0484,-0.9234,0.0171,0.5790,0.7002,0.2980,0.8733,0.2293,-0.7448,
9.679931,-0.0484,-0.9234,0.0171,0.5790,0.7002,0.2980,0.8544,0.1682,-0.6966,
9.690477,-0.0484,-0.9234,0.0171,0.5790,0.7002,0.2980,0.8910,0.1395,-0.6416,
9.696906,-0.1202,-0.8724,0.0854,0.5790,0.7002,0.2980,0.8910,0.1395,-0.6416,
9.700815,-0.1202,-0.8724,0.0854,-0.2571,1.2135,0.7991,0.8910,0.1395,-0.6416,
9.703311,-0.1202,-0.8724,0.0854,-0.2571,1.2135,0.7991,0.9637,0.0845,-0.6043,
9.710067,-0.1202,-0.8724,0.0854,-0.2571,1.2135,0.7991,1.0529,0.0546,-0.5799,
9.718741,-0.1715,-0.9012,0.0270,-0.2571,1.2135,0.7991,1.0529,0.0546,-0.5799,
9.721402,-0.1715,-0.9012,0.0270,-0.8731,0.9384,0.0318,1.0529,0.0546,-0.5799,
9.723316,-0.1715,-0.9012,0.0270,-0.8731,0.9384,0.0318,1.1158,0.0528,-0.5628,
9.730879,-0.1715,-0.9012,0.0270,-0.8731,0.9384,0.0318,1.1109,-0.0181,-0.5359,
9.736153,-0.2607,-0.9065,-0.0254,-0.8731,0.9384,0.0318,1.1109,-0.0181,-0.5359,
9.738421,-0.2607,-0.9065,-0.0254,-1.8355,0.8866,-0.6900,1.1109,-0.0181,-0.5359,
9.740067,-0.2607,-0.9065,-0.0254,-1.8355,0.8866,-0.6900,1.0505,-0.1403,-0.4895,
9.751715,-0.2607,-0.9065,-0.0254,-1.8355,0.8866,-0.6900,1.0016,-0.2111,-0.4394,
9.756207,-0.2941,-0.9352,0.0134,-1.8355,0.8866,-0.6900,1.0016,-0.2111,-0.4394,
9.757692,-0.2941,-0.9352,0.0134,-2.2120,0.5987,-0.4934,1.0016,-0.2111,-0.4394,
9.759806,-0.2941,-0.9352,0.0134,-2.2120,0.5987,-0.4934,0.9918,-0.2172,-0.3893,
9.770059,-0.2941,-0.9352,0.0134,-2.2120,0.5987,-0.4934,1.0095,-0.2087,-0.3331,
9.776637,-0.2362,-0.9270,-0.0211,-2.2120,0.5987,-0.4934,1.0095,-0.2087,-0.3331,
9.778533,-0.2362,-0.9270,-0.0211,-1.6594,0.6679,-0.9976,1.0095,-0.2087,-0.3331,
9.780292,-0.2362,-0.9270,-0.0211,-1.6594,0.6679,-0.9976,1.0407,-0.2026,-0.2830,
9.789990,-0.2362,-0.9270,-0.0211,-1.6594,0.6679,-0.9976,1.0480,-0.1788,-0.2641,
9.796581,-0.1523,-0.8729,-0.0439,-1.6594,0.6679,-0.9976,1.0480,-0.1788,-0.2641,
9.798518,-0.1523,-0.8729,-0.0439,-0.8386,1.1839,-1.3818,1.0480,-0.1788,-0.2641,
9.800644,-0.1523,-0.8729,-0.0439,-0.8386,1.1839,-1.3818,1.0254,-0.1000,-0.2677,
9.809948,-0.1523,-0.8729,-0.0439,-0.8386,1.1839,-1.3818,0.9924,0.0271,-0.2842,
9.816632,-0.1008,-0.8644,0.0450,-0.8386,1.1839,-1.3818,0.9924,0.0271,-0.2842,
9.818570,-0.1008,-0.8644,0.0450,-0.3440,1.2520,-0.6664,0.9924,0.0271,-0.2842,
9.820581,-0.1008,-0.8644,0.0450,-0.3440,1.2520,-0.6664,1.0040,0.1847,-0.3728,
9.829945,-0.1008,-0.8644,0.0450,-0.3440,1.2520,-0.6664,1.1067,0.1542,-0.4296,
9.836387,-0.1233,-0.8753,0.0938,-0.3440,1.2520,-0.6664,1.1067,0.1542,-0.4296,
9.839158,-0.1233,-0.8753,0.0938,-0.6000,1.1260,-0.3557,1.1067,0.1542,-0.4296,
9.840948,-0.1233,-0.8753,0.0938,-0.6000,1.1260,-0.3557,1.2258,0.0974,-0.4779,
9.850008,-0.1233,-0.8753,0.0938,-0.6000,1.1260,-0.3557,1.3046,0.0699,-0.5225,
9.856578,-0.1582,-0.8695,-0.0341,-0.6000,1.1260,-0.3557,1.3046,0.0699,-0.5225,
9.859214,-0.1582,-0.8695,-0.0341,-0.9902,1.1595,-1.7987,1.3046,0.0699,-0.5225,
9.861583,-0.1582,-0.8695,-0.0341,-0.9902,1.1595,-1.7987,1.3174,0.0876,-0.5585,
9.870280,-0.1582,-0.8695,-0.0341,-0.9902,1.1595,-1.7987,1.2576,0.1303,-0.5842,
9.876789,-0.1401,-0.9037,-0.2158,-0.9902,1.1595,-1.7987,1.2576,0.1303,-0.5842,
9.878915,-0.1401,-0.9037,-0.2158,-0.8724,0.8021,-3.7394,1.2576,0.1303,-0.5842,
9.880818,-0.1401,-0.9037,-0.2158,-0.8724,0.8021,-3.7394,1.1421,0.1737,-0.6086,
9.890258,-0.1401,-0.9037,-0.2158,-0.8724,0.8021,-3.7394,0.9888,0.1939,-0.6355,
9.896953,-0.0513,-0.9998,-0.1187,-0.8724,0.8021,-3.7394,0.9888,0.1939,-0.6355,
9.899482,-0.0513,-0.9998,-0.1187,-0.0780,-0.1541,-2.8899,0.9888,0.1939,-0.6355,
9.901698,-0.0513,-0.9998,-0.1187,-0.0780,-0.1541,-2.8899,0.8067,0.1817,-0.6654,
9.910511,-0.0513,-0.9998,-0.1187,-0.0780,-0.1541,-2.8899,0.6320,0.1322,-0.6947,
9.916628,-0.1824,-1.0873,0.0930,-0.0780,-0.1541,-2.8899,0.6320,0.1322,-0.6947,
9.918666,-0.1824,-1.0873,0.0930,-1.4436,-1.0179,-0.8699,0.6320,0.1322,-0.6947,
9.920756,-0.1824,-1.0873,0.0930,-1.4436,-1.0179,-0.8699,0.5202,0.0399,-0.7057,
9.930053,-0.1824,-1.0873,0.0930,-1.4436,-1.0179,-0.8699,0.5013,-0.0951,-0.6831,
9.937444,-0.4641,-1.1629,0.0754,-1.4436,-1.0179,-0.8699,0.5013,-0.0951,-0.6831,
9.940179,-0.4641,-1.1629,0.0754,-4.2600,-1.7619,-1.0681,0.5013,-0.0951,-0.6831,
9.942036,-0.4641,-1.1629,0.0754,-4.2600,-1.7619,-1.0681,0.5086,-0.2050,-0.6190,
9.950035,-0.4641,-1.1629,0.0754,-4.2600,-1.7619,-1.0681,0.4573,-0.2111,-0.5170,
9.956568,-0.5738,-1.1192,0.0270,-4.2600,-1.7619,-1.0681,0.4573,-0.2111,-0.5170,
9.959015,-0.5738,-1.1192,0.0270,-5.3419,-1.3378,-1.5668,0.4573,-0.2111,-0.5170,
9.960920,-0.5738,-1.1192,0.0270,-5.3419,-1.3378,-1.5668,0.3657,-0.0987,-0.3862,
9.970004,-0.5738,-1.1192,0.0270,-5.3419,-1.3378,-1.5668,0.2716,0.0485,-0.2464,
9.976505,-0.4104,-1.1402,0.0395,-5.3419,-1.3378,-1.5668,0.2716,0.0485,-0.2464,
9.978357,-0.4104,-1.1402,0.0395,-3.6890,-1.5444,-1.4396,0.2716,0.0485,-0.2464,
9.980031,-0.4104,-1.1402,0.0395,-3.6890,-1.5444,-1.4396,0.1397,0.1511,-0.1431,
9.990012,-0.4104,-1.1402,0.0395,-3.6890,-1.5444,-1.4396,0.0096,0.2354,-0.0796,
9.996485,-0.3814,-1.1556,0.1824,-3.6890,-1.5444,-1.4396,0.0096,0.2354,-0.0796,
9.997997,-0.3814,-1.1556,0.1824,-3.3082,-1.6922,-0.0026,0.0096,0.2354,-0.0796,
10.000589,-0.3814,-1.1556,0.1824,-3.3082,-1.6922,-0.0026,-0.0448,0.4083,0.0261,
10.010049,-0.3814,-1.1556,0.1824,-3.3082,-1.6922,-0.0026,-0.0448,0.4150,0.1275,
10.016625,-0.4242,-1.2358,0.0038,-3.3082,-1.6922,-0.0026,-0.0448,0.4150,0.1275,
10.018728,-0.4242,-1.2358,0.0038,-3.5921,-2.4738,-1.6872,-0.0448,0.4150,0.1275,
10.020629,-0.4242,-1.2358,0.0038,-3.5921,-2.4738,-1.6872,-0.1303,0.3539,0.2607,
10.030121,-0.4242,-1.2358,0.0038,-3.5921,-2.4738,-1.6872,-0.3826,0.3276,0.4060,
10.036669,-0.4504,-1.3012,-0.0964,-3.5921,-2.4738,-1.6872,-0.3826,0.3276,0.4060,
10.040203,-0.4504,-1.3012,-0.0964,-3.6711,-3.1062,-2.5531,-0.3826,0.3276,0.4060,
10.042661,-0.4504,-1.3012,-0.0964,-3.6711,-3.1062,-2.5531,-0.6746,0.3515,0.5728,
10.050197,-0.4504,-1.3012,-0.0964,-3.6711,-3.1062,-2.5531,-0.9147,0.3148,0.7665,
10.056809,-0.4098,-1.3316,-0.0873,-3.6711,-3.1062,-2.5531,-0.9147,0.3148,0.7665,
10.060155,-0.4098,-1.3316,-0.0873,-3.0467,-3.3904,-2.2453,-0.9147,0.3148,0.7665,
10.062455,-0.4098,-1.3316,-0.0873,-3.0467,-3.3904,-2.2453,-1.1205,0.1279,0.9479,
10.070272,-0.4098,-1.3316,-0.0873,-3.0467,-3.3904,-2.2453,-1.3985,-0.1421,1.0835,
10.076899,-0.0492,-1.2265,-0.4614,-3.0467,-3.3904,-2.2453,-1.3985,-0.1421,1.0835,
10.079690,-0.0492,-1.2265,-0.4614,0.7334,-2.3467,-5.5783,-1.3985,-0.1421,1.0835,
10.081912,-0.0492,-1.2265,-0.4614,0.7334,-2.3467,-5.5783,-1.7784,-0.3816,1.1947,
10.090027,-0.0492,-1.2265,-0.4614,0.7334,-2.3467,-5.5783,-2.1920,-0.5538,1.2851,
10.096381,0.2303,-1.1349,-0.4247,0.7334,-2.3467,-5.5783,-2.1920,-0.5538,1.2851,
10.098272,0.2303,-1.1349,-0.4247,3.6984,-1.4400,-4.7505,-2.1920,-0.5538,1.2851,
10.102909,0.2303,-1.1349,-0.4247,3.6984,-1.4400,-4.7505,-2.5573,-0.6937,1.3431,
10.110381,0.2303,-1.1349,-0.4247,3.6984,-1.4400,-4.7505,-2.8414,-0.8709,1.3798,
10.116436,0.2823,-1.1492,-0.1349,3.6984,-1.4400,-4.7505,-2.8414,-0.8709,1.3798,
10.118625,0.2823,-1.1492,-0.1349,4.4110,-1.5946,-1.3462,-2.8414,-0.8709,1.3798,
10.120664,0.2823,-1.1492,-0.1349,4.4110,-1.5946,-1.3462,-2.9947,-1.0859,1.4500,
10.129832,0.2823,-1.1492,-0.1349,4.4110,-1.5946,-1.3462,-2.9996,-1.2356,1.6076,
10.136373,0.1974,-1.3789,-0.0208,4.4110,-1.5946,-1.3462,-2.9996,-1.2356,1.6076,
10.138481,0.1974,-1.3789,-0.0208,3.7942,-3.8992,0.3337,-2.9996,-1.2356,1.6076,
10.140686,0.1974,-1.3789,-0.0208,3.7942,-3.8992,0.3337,-2.9055,-1.3046,1.8288,
10.150135,0.1974,-1.3789,-0.0208,3.7942,-3.8992,0.3337,-2.7980,-1.4194,2.0053,
10.157314,0.2372,-1.5186,-0.0147,3.7942,-3.8992,0.3337,-2.7980,-1.4194,2.0053,
10.159422,0.2372,-1.5186,-0.0147,4.4609,-5.3658,0.8777,-2.7980,-1.4194,2.0053,
10.161213,0.2372,-1.5186,-0.0147,4.4609,-5.3658,0.8777,-2.7253,-1.5923,2.0517,
10.170036,0.2372,-1.5186,-0.0147,4.4609,-5.3658,0.8777,-2.6752,-1.7352,1.9656,
10.176704,0.2387,-1.4072,0.1053,4.4609,-5.3658,0.8777,-2.6752,-1.7352,1.9656,
10.178549,0.2387,-1.4072,0.1053,4.7607,-4.3932,2.4443,-2.6752,-1.7352,1.9656,
10.180323,0.2387,-1.4072,0.1053,4.7607,-4.3932,2.4443,-2.6202,-1.7811,1.7964,
10.190036,0.2387,-1.4072,0.1053,4.7607,-4.3932,2.4443,-2.3557,-1.5911,1.4647,
10.196529,0.1186,-1.2730,0.0680,4.7607,-4.3932,2.4443,-2.3557,-1.5911,1.4647,
10.198186,0.1186,-1.2730,0.0680,3.8000,-3.1889,2.3938,-2.3557,-1.5911,1.4647,
10.200252,0.1186,-1.2730,0.0680,3.8000,-3.1889,2.3938,-2.1755,-1.5049,1.3987,
10.209967,0.1186,-1.2730,0.0680,3.8000,-3.1889,2.3938,-2.0142,-1.1787,1.4299,
10.216729,-0.2808,-1.2400,-0.0733,3.8000,-3.1889,2.3938,-2.0142,-1.1787,1.4299,
10.218585,-0.2808,-1.2400,-0.0733,0.0794,-2.9719,1.2522,-2.0142,-1.1787,1.4299,
10.220626,-0.2808,-1.2400,-0.0733,0.0794,-2.9719,1.2522,-1.9690,-0.6418,1.6638,
10.230183,-0.2808,-1.2400,-0.0733,0.0794,-2.9719,1.2522,-2.0668,-0.2246,2.0725,
10.236684,-0.6304,-1.1791,-0.1749,0.0794,-2.9719,1.2522,-2.0668,-0.2246,2.0725,
10.240261,-0.6304,-1.1791,-0.1749,-3.0632,-2.5316,0.5295,-2.0668,-0.2246,2.0725,
10.242677,-0.6304,-1.1791,-0.1749,-3.0632,-2.5316,0.5295,-2.0680,-0.1055,2.4219,
10.250604,-0.6304,-1.1791,-0.1749,-3.0632,-2.5316,0.5295,-1.8927,-0.1366,2.5447,
10.256677,-0.2566,-0.8793,0.0933,-3.0632,-2.5316,0.5295,-1.8927,-0.1366,2.5447,
10.260439,-0.2566,-0.8793,0.0933,0.9756,0.2004,3.4135,-1.8927,-0.1366,2.5447,
10.262678,-0.2566,-0.8793,0.0933,0.9756,0.2004,3.4135,-1.6221,-0.1036,2.4415,
10.270273,-0.2566,-0.8793,0.0933,0.9756,0.2004,3.4135,-1.3814,0.0173,2.2344,
10.276513,-0.3862,-0.8069,-0.0650,0.9756,0.2004,3.4135,-1.3814,0.0173,2.2344,
10.278076,-0.3862,-0.8069,-0.0650,0.0514,0.7149,2.0271,-1.3814,0.0173,2.2344,
10.280036,-0.3862,-0.8069,-0.0650,0.0514,0.7149,2.0271,-1.2464,0.2171,2.0798,
10.290076,-0.3862,-0.8069,-0.0650,0.0514,0.7149,2.0271,-1.2006,0.5384,2.0395,
10.296668,-0.3567,-0.7900,-0.1620,0.0514,0.7149,2.0271,-1.2006,0.5384,2.0395,
10.298373,-0.3567,-0.7900,-0.1620,0.6143,0.7047,1.2302,-1.2006,0.5384,2.0395,
10.300215,-0.3567,-0.7900,-0.1620,0.6143,0.7047,1.2302,-1.2226,0.9129,2.0536,
10.309856,-0.3567,-0.7900,-0.1620,0.6143,0.7047,1.2302,-1.2940,1.2513,2.0511,
10.316682,-0.1788,-0.7046,-0.1970,0.6143,0.7047,1.2302,-1.2940,1.2513,2.0511,
10.318519,-0.1788,-0.7046,-0.1970,2.5683,1.3561,1.1115,-1.2940,1.2513,2.0511,
10.320687,-0.1788,-0.7046,-0.1970,2.5683,1.3561,1.1115,-1.3728,1.5366,1.9906,
10.329932,-0.1788,-0.7046,-0.1970,2.5683,1.3561,1.1115,-1.4083,1.7528,1.8856,
10.337001,-0.0886,-0.5751,-0.1813,2.5683,1.3561,1.1115,-1.4083,1.7528,1.8856,
10.340102,-0.0886,-0.5751,-0.1813,3.5833,2.4378,1.5659,-1.4083,1.7528,1.8856,
10.342425,-0.0886,-0.5751,-0.1813,3.5833,2.4378,1.5659,-1.3997,1.8609,1.7554,
10.350347,-0.0886,-0.5751,-0.1813,3.5833,2.4378,1.5659,-1.3631,1.8713,1.5930,
10.356852,0.0046,-0.4489,-0.1007,3.5833,2.4378,1.5659,-1.3631,1.8713,1.5930,
10.360142,0.0046,-0.4489,-0.1007,4.5369,3.5151,2.6687,-1.3631,1.8713,1.5930,
10.362364,0.0046,-0.4489,-0.1007,4.5369,3.5151,2.6687,-1.2916,1.8059,1.3889,
10.370552,0.0046,-0.4489,-0.1007,4.5369,3.5151,2.6687,-1.0454,1.5445,0.9180,
10.376783,0.1262,-0.3908,-0.0678,4.5369,3.5151,2.6687,-1.0454,1.5445,0.9180,
10.379406,0.1262,-0.3908,-0.0678,5.6583,4.0029,3.2437,-1.0454,1.5445,0.9180,
10.381542,0.1262,-0.3908,-0.0678,5.6583,4.0029,3.2437,-0.9122,1.4639,0.6559,
10.390397,0.1262,-0.3908,-0.0678,5.6583,4.0029,3.2437,-0.7803,1.4260,0.3932,
10.396975,0.1279,-0.3704,-0.1063,5.6583,4.0029,3.2437,-0.7803,1.4260,0.3932,
10.399433,0.1279,-0.3704,-0.1063,5.5417,4.1695,3.0761,-0.7803,1.4260,0.3932,
10.401727,0.1279,-0.3704,-0.1063,5.5417,4.1695,3.0761,-0.6508,1.4162,0.1477,
10.410378,0.1279,-0.3704,-0.1063,5.5417,4.1695,3.0761,-0.5182,1.4016,-0.0686,
10.416913,0.0415,-0.3768,-0.1395,5.5417,4.1695,3.0761,-0.5182,1.4016,-0.0686,
10.419422,0.0415,-0.3768,-0.1395,4.5520,4.0776,2.9464,-0.5182,1.4016,-0.0686,
10.421724,0.0415,-0.3768,-0.1395,4.5520,4.0776,2.9464,-0.3735,1.3527,-0.2525,
10.430376,0.0415,-0.3768,-0.1395,4.5520,4.0776,2.9464,-0.2183,1.2782,-0.4131,
10.437252,-0.1917,-0.4143,-0.2124,4.5520,4.0776,2.9464,-0.2183,1.2782,-0.4131,
10.440125,-0.1917,-0.4143,-0.2124,2.0937,3.7158,2.3817,-0.2183,1.2782,-0.4131,
10.442428,-0.1917,-0.4143,-0.2124,2.0937,3.7158,2.3817,-0.0436,1.1755,-0.5542,
10.450283,-0.1917,-0.4143,-0.2124,2.0937,3.7158,2.3817,0.1617,1.0472,-0.6642,
10.456616,-0.4040,-0.4599,-0.3937,2.0937,3.7158,2.3817,0.1617,1.0472,-0.6642,
10.459491,-0.4040,-0.4599,-0.3937,-0.1970,3.3349,0.6719,0.1617,1.0472,-0.6642,
10.461521,-0.4040,-0.4599,-0.3937,-0.1970,3.3349,0.6719,0.3791,0.8750,-0.7265,
10.470663,-0.4040,-0.4599,-0.3937,-0.1970,3.3349,0.6719,0.5703,0.6642,-0.7454,
10.477042,-0.6252,-0.5211,-0.6574,-0.1970,3.3349,0.6719,0.5703,0.6642,-0.7454,
10.479784,-0.6252,-0.5211,-0.6574,-2.5352,2.8178,-1.9183,0.5703,0.6642,-0.7454,
10.481902,-0.6252,-0.5211,-0.6574,-2.5352,2.8178,-1.9183,0.6974,0.4065,-0.7155,
10.490367,-0.6252,-0.5211,-0.6574,-2.5352,2.8178,-1.9183,0.7621,0.1059,-0.6446,
10.496919,-0.7114,-0.6210,-0.7291,-2.5352,2.8178,-1.9183,0.7621,0.1059,-0.6446,
10.499148,-0.7114,-0.6210,-0.7291,-3.4491,1.8987,-2.6728,0.7621,0.1059,-0.6446,
10.501845,-0.7114,-0.6210,-0.7291,-3.4491,1.8987,-2.6728,0.7762,-0.1690,-0.5438,
10.510680,-0.7114,-0.6210,-0.7291,-3.4491,1.8987,-2.6728,0.7585,-0.2667,-0.4473,
10.516948,-0.6466,-0.7200,-0.6931,-3.4491,1.8987,-2.6728,0.7585,-0.2667,-0.4473,
10.519144,-0.6466,-0.7200,-0.6931,-2.8039,0.9707,-2.4026,0.7585,-0.2667,-0.4473,
10.521429,-0.6466,-0.7200,-0.6931,-2.8039,0.9707,-2.4026,0.7365,-0.1537,-0.3789,
10.530437,-0.6466,-0.7200,-0.6931,-2.8039,0.9707,-2.4026,0.7359,0.0448,-0.3148,
10.537310,-0.6304,-0.8336,-0.6058,-2.8039,0.9707,-2.4026,0.7359,0.0448,-0.3148,
10.540441,-0.6304,-0.8336,-0.6058,-2.6277,-0.1106,-1.6206,0.7359,0.0448,-0.3148,
10.542691,-0.6304,-0.8336,-0.6058,-2.6277,-0.1106,-1.6206,0.7731,0.2256,-0.2390,
10.550209,-0.6304,-0.8336,-0.6058,-2.6277,-0.1106,-1.6206,0.8330,0.3753,-0.1114,
10.556656,-0.5982,-0.8774,-0.6723,-2.6277,-0.1106,-1.6206,0.8330,0.3753,-0.1114,
10.559841,-0.5982,-0.8774,-0.6723,-2.3027,-0.5129,-2.3323,0.8330,0.3753,-0.1114,
10.562209,-0.5982,-0.8774,-0.6723,-2.3027,-0.5129,-2.3323,0.9381,0.4804,-0.0576,
10.570507,-0.5982,-0.8774,-0.6723,-2.3027,-0.5129,-2.3323,0.9277,0.4425,-0.0069,
10.576496,-0.5786,-0.8238,-0.7953,-2.3027,-0.5129,-2.3323,0.9277,0.4425,-0.0069,
10.578199,-0.5786,-0.8238,-0.7953,-2.0989,0.0365,-3.5938,0.9277,0.4425,-0.0069,
10.579966,-0.5786,-0.8238,-0.7953,-2.0989,0.0365,-3.5938,0.8611,0.3906,0.0108,
10.590074,-0.5786,-0.8238,-0.7953,-2.0989,0.0365,-3.5938,0.7255,0.3747,-0.0319,
10.596589,-0.4836,-0.8615,-1.0084,-2.0989,0.0365,-3.5938,0.7255,0.3747,-0.0319,
10.598140,-0.4836,-0.8615,-1.0084,-1.1626,-0.3271,-5.6980,0.7255,0.3747,-0.0319,
10.601740,-0.4836,-0.8615,-1.0084,-1.1626,-0.3271,-5.6980,0.5037,0.3380,-0.1321,
10.610236,-0.4836,-0.8615,-1.0084,-1.1626,-0.3271,-5.6980,0.2618,0.2006,-0.2262,
10.617030,-0.4237,-1.6304,-1.0666,-1.1626,-0.3271,-5.6980,0.2618,0.2006,-0.2262,
10.619633,-0.4237,-1.6304,-1.0666,-0.6253,-7.8540,-6.2420,0.2618,0.2006,-0.2262,
10.621669,-0.4237,-1.6304,-1.0666,-0.6253,-7.8540,-6.2420,0.0731,0.0980,-0.2720,
10.630299,-0.4237,-1.6304,-1.0666,-0.6253,-7.8540,-6.2420,-0.1126,0.2043,-0.2451,
10.636970,-0.7517,-1.6603,-1.1051,-0.6253,-7.8540,-6.2420,-0.1126,0.2043,-0.2451,
10.639363,-0.7517,-1.6603,-1.1051,-3.8942,-8.1309,-6.6053,-0.1126,0.2043,-0.2451,
10.642020,-0.7517,-1.6603,-1.1051,-3.8942,-8.1309,-6.6053,-0.3771,0.3674,-0.0283,
10.650019,-0.7517,-1.6603,-1.1051,-3.8942,-8.1309,-6.6053,-0.5225,0.2635,0.5117,
10.656920,-0.4206,-0.5309,-0.0202,-3.8942,-8.1309,-6.6053,-0.5225,0.2635,0.5117,
10.659600,-0.4206,-0.5309,-0.0202,-0.6288,2.8711,4.1368,-0.5225,0.2635,0.5117,
10.661247,-0.4206,-0.5309,-0.0202,-0.6288,2.8711,4.1368,-0.2036,-0.2881,1.0713,
10.670547,-0.4206,-0.5309,-0.0202,-0.6288,2.8711,4.1368,0.5606,-1.1555,1.0847,
10.676551,0.5283,0.1731,0.7875,-0.6288,2.8711,4.1368,0.5606,-1.1555,1.0847,
10.678323,0.5283,0.1731,0.7875,8.8856,9.7315,11.9434,0.5606,-1.1555,1.0847,
10.680494,0.5283,0.1731,0.7875,8.8856,9.7315,11.9434,1.4964,-1.9368,0.6174,
10.690084,0.5283,0.1731,0.7875,8.8856,9.7315,11.9434,2.2215,-2.1476,-0.0075,
10.696511,0.5635,-0.5111,-0.2918,8.8856,9.7315,11.9434,2.2215,-2.1476,-0.0075,
10.698402,0.5635,-0.5111,-0.2918,9.3055,3.2100,0.9230,2.2215,-2.1476,-0.0075,
10.700901,0.5635,-0.5111,-0.2918,9.3055,3.2100,0.9230,2.4982,-1.9173,-0.6239,
10.709997,0.5635,-0.5111,-0.2918,9.3055,3.2100,0.9230,2.1085,-1.4298,-1.1523,
10.716450,-0.4874,-1.7893,-0.7278,9.3055,3.2100,0.9230,2.1085,-1.4298,-1.1523,
10.718605,-0.4874,-1.7893,-0.7278,-1.1139,-9.0561,-3.8365,2.1085,-1.4298,-1.1523,
10.720831,-0.4874,-1.7893,-0.7278,-1.1139,-9.0561,-3.8365,1.2447,-1.0505,-1.3532,
10.729929,-0.4874,-1.7893,-0.7278,-1.1139,-9.0561,-3.8365,0.6137,-0.8733,-1.1645,
10.737124,-0.3977,-1.8907,-0.0721,-1.1139,-9.0561,-3.8365,0.6137,-0.8733,-1.1645,
10.740083,-0.3977,-1.8907,-0.0721,-0.4604,-9.8630,2.3368,0.6137,-0.8733,-1.1645,
10.742097,-0.3977,-1.8907,-0.0721,-0.4604,-9.8630,2.3368,0.4946,-0.2496,-0.8328,
10.749880,-0.3977,-1.8907,-0.0721,-0.4604,-9.8630,2.3368,0.8293,-0.2044,-0.7528,
10.756697,-0.1255,-0.7742,-0.1327,-0.4604,-9.8630,2.3368,0.8293,-0.2044,-0.7528,
10.759224,-0.1255,-0.7742,-0.1327,2.0187,1.2039,1.5872,0.8293,-0.2044,-0.7528,
10.761057,-0.1255,-0.7742,-0.1327,2.0187,1.2039,1.5872,1.0468,-0.3797,-0.7766,
10.770869,-0.1255,-0.7742,-0.1327,2.0187,1.2039,1.5872,1.1659,-0.6955,-0.8352,
10.776578,-0.2270,-0.5304,0.0524,2.0187,1.2039,1.5872,1.1659,-0.6955,-0.8352,
10.778599,-0.2270,-0.5304,0.0524,0.8723,3.7289,3.1396,1.1659,-0.6955,-0.8352,
10.780708,-0.2270,-0.5304,0.0524,0.8723,3.7289,3.1396,1.3394,-0.9924,-0.8878,
10.790189,-0.2270,-0.5304,0.0524,0.8723,3.7289,3.1396,1.5618,-1.2331,-0.9244,
10.796873,-0.2660,-0.7391,0.0942,0.8723,3.7289,3.1396,1.5618,-1.2331,-0.9244,
10.799061,-0.2660,-0.7391,0.0942,0.3599,1.8269,3.1792,1.5618,-1.2331,-0.9244,
10.801248,-0.2660,-0.7391,0.0942,0.3599,1.8269,3.1792,1.7151,-1.3620,-0.9556,
10.810245,-0.2660,-0.7391,0.0942,0.3599,1.8269,3.1792,1.7462,-1.2765,-0.9751,
10.816595,-0.2430,-0.9847,-0.1391,0.3599,1.8269,3.1792,1.7462,-1.2765,-0.9751,
10.818760,-0.2430,-0.9847,-0.1391,0.4529,-0.4452,0.4840,1.7462,-1.2765,-0.9751,
10.821097,-0.2430,-0.9847,-0.1391,0.4529,-0.4452,0.4840,1.6748,-1.0132,-0.9837,
10.830197,-0.2430,-0.9847,-0.1391,0.4529,-0.4452,0.4840,1.5599,-0.7029,-0.9812,
10.837212,-0.2496,-0.9370,-0.0760,0.4529,-0.4452,0.4840,1.5599,-0.7029,-0.9812,
10.840878,-0.2496,-0.9370,-0.0760,0.2306,0.1325,0.7485,1.5599,-0.7029,-0.9812,
10.843258,-0.2496,-0.9370,-0.0760,0.2306,0.1325,0.7485,1.4689,-0.4555,-0.9702,
10.850146,-0.2496,-0.9370,-0.0760,0.2306,0.1325,0.7485,1.4506,-0.3217,-0.9666,
10.856624,-0.2455,-0.9096,0.0092,0.2306,0.1325,0.7485,1.4506,-0.3217,-0.9666,
10.859765,-0.2455,-0.9096,0.0092,0.0981,0.4926,1.2825,1.4506,-0.3217,-0.9666,
10.862046,-0.2455,-0.9096,0.0092,0.0981,0.4926,1.2825,1.4897,-0.3064,-0.9873,
10.870948,-0.2455,-0.9096,0.0092,0.0981,0.4926,1.2825,1.5379,-0.3180,-1.0307,
10.876755,-0.2507,-0.9229,-0.1108,0.0981,0.4926,1.2825,1.5379,-0.3180,-1.0307,
10.878950,-0.2507,-0.9229,-0.1108,-0.1348,0.4419,-0.1938,1.5379,-0.3180,-1.0307,
10.880883,-0.2507,-0.9229,-0.1108,-0.1348,0.4419,-0.1938,1.5312,-0.2301,-1.0765,
10.890216,-0.2507,-0.9229,-0.1108,-0.1348,0.4419,-0.1938,1.4506,-0.0450,-1.1174,
10.896697,-0.2199,-0.8938,-0.1669,-0.1348,0.4419,-0.1938,1.4506,-0.0450,-1.1174,
10.898702,-0.2199,-0.8938,-0.1669,-0.0347,0.7961,-1.0255,1.4506,-0.0450,-1.1174,
10.901135,-0.2199,-0.8938,-0.1669,-0.0347,0.7961,-1.0255,1.3382,0.1401,-1.1455,
10.910409,-0.2199,-0.8938,-0.1669,-0.0347,0.7961,-1.0255,1.2313,0.2452,-1.1584,
10.916906,-0.1972,-0.8789,-0.1181,-0.0347,0.7961,-1.0255,1.2313,0.2452,-1.1584,
10.919290,-0.1972,-0.8789,-0.1181,-0.0248,0.9984,-0.7692,1.2313,0.2452,-1.1584,
10.921431,-0.1972,-0.8789,-0.1181,-0.0248,0.9984,-0.7692,1.1494,0.1945,-1.1162,
10.930382,-0.1972,-0.8789,-0.1181,-0.0248,0.9984,-0.7692,1.1158,0.1334,-1.0777,
10.937878,-0.1620,-0.8658,-0.0428,-0.0248,0.9984,-0.7692,1.1158,0.1334,-1.0777,
10.941129,-0.1620,-0.8658,-0.0428,0.1203,1.1698,-0.2238,1.1158,0.1334,-1.0777,
10.943157,-0.1620,-0.8658,-0.0428,0.1203,1.1698,-0.2238,1.1488,0.0644,-1.0460,
10.950117,-0.1620,-0.8658,-0.0428,0.1203,1.1698,-0.2238,1.1690,-0.0419,-1.0289,
10.956929,-0.1314,-0.8677,-0.0199,0.1203,1.1698,-0.2238,1.1690,-0.0419,-1.0289,
10.960563,-0.1314,-0.8677,-0.0199,0.2314,1.1852,-0.2041,1.1690,-0.0419,-1.0289,
10.962663,-0.1314,-0.8677,-0.0199,0.2314,1.1852,-0.2041,1.1739,-0.1672,-1.0191,
10.971015,-0.1314,-0.8677,-0.0199,0.2314,1.1852,-0.2041,1.1659,-0.2667,-1.0063,
10.976723,-0.1346,-0.9072,0.0316,0.2314,1.1852,-0.2041,1.1659,-0.2667,-1.0063,
10.979015,-0.1346,-0.9072,0.0316,0.0160,0.8218,0.0846,1.1659,-0.2667,-1.0063,
10.981146,-0.1346,-0.9072,0.0316,0.0160,0.8218,0.0846,1.1360,-0.3504,-0.9733,
10.990327,-0.1346,-0.9072,0.0316,0.0160,0.8218,0.0846,1.0792,-0.4732,-0.9006,
10.996638,-0.2222,-0.9187,0.0095,0.0160,0.8218,0.0846,1.0792,-0.4732,-0.9006,
10.998991,-0.2222,-0.9187,0.0095,-1.0040,0.7233,-0.3367,1.0792,-0.4732,-0.9006,
11.001398,-0.2222,-0.9187,0.0095,-1.0040,0.7233,-0.3367,1.0120,-0.6400,-0.7912,
11.010216,-0.2222,-0.9187,0.0095,-1.0040,0.7233,-0.3367,0.9491,-0.7927,-0.6685,
11.016854,-0.2734,-0.9225,0.1391,-1.0040,0.7233,-0.3367,0.9491,-0.7927,-0.6685,
11.019297,-0.2734,-0.9225,0.1391,-1.6178,0.6887,0.7412,0.9491,-0.7927,-0.6685,
11.021643,-0.2734,-0.9225,0.1391,-1.6178,0.6887,0.7412,0.9094,-0.8568,-0.5341,
11.030328,-0.2734,-0.9225,0.1391,-1.6178,0.6887,0.7412,0.8984,-0.8403,-0.3783,
11.038010,-0.2216,-0.9353,0.2046,-1.6178,0.6887,0.7412,0.8984,-0.8403,-0.3783,
11.041661,-0.2216,-0.9353,0.2046,-1.1720,0.5554,1.1922,0.8984,-0.8403,-0.3783,
11.044013,-0.2216,-0.9353,0.2046,-1.1720,0.5554,1.1922,0.9002,-0.7340,-0.2360,
11.050203,-0.2216,-0.9353,0.2046,-1.1720,0.5554,1.1922,0.9142,-0.5605,-0.1175,
11.056814,-0.1598,-0.9678,0.0887,-1.1720,0.5554,1.1922,0.9142,-0.5605,-0.1175,
11.060433,-0.1598,-0.9678,0.0887,-0.5816,0.2217,-0.1255,0.9142,-0.5605,-0.1175,
11.062455,-0.1598,-0.9678,0.0887,-0.5816,0.2217,-0.1255,0.9466,-0.3779,-0.0209,
11.070791,-0.1598,-0.9678,0.0887,-0.5816,0.2217,-0.1255,0.9894,-0.2912,0.0169,
11.076428,-0.1592,-1.0240,-0.0117,-0.5816,0.2217,-0.1255,0.9894,-0.2912,0.0169,
11.078117,-0.1592,-1.0240,-0.0117,-0.5574,-0.3505,-1.2851,0.9894,-0.2912,0.0169,
11.080368,-0.1592,-1.0240,-0.0117,-0.5574,-0.3505,-1.2851,1.0193,-0.3700,0.0194,
11.089961,-0.1592,-1.0240,-0.0117,-0.5574,-0.3505,-1.2851,1.0034,-0.5233,0.0279,
11.096680,-0.1386,-1.0366,0.0192,-0.5574,-0.3505,-1.2851,1.0034,-0.5233,0.0279,
11.098369,-0.1386,-1.0366,0.0192,-0.3416,-0.4982,-1.1587,1.0034,-0.5233,0.0279,
11.101974,-0.1386,-1.0366,0.0192,-0.3416,-0.4982,-1.1587,0.9491,-0.6259,0.0450,
11.110016,-0.1386,-1.0366,0.0192,-0.3416,-0.4982,-1.1587,0.7976,-0.5117,0.0279,
11.116622,-0.0129,-0.9425,0.0324,-0.3416,-0.4982,-1.1587,0.7976,-0.5117,0.0279,
11.119320,-0.0129,-0.9425,0.0324,0.8897,0.4018,-1.1771,0.7976,-0.5117,0.0279,
11.121333,-0.0129,-0.9425,0.0324,0.8897,0.4018,-1.1771,0.7340,-0.4042,-0.0423,
11.130115,-0.0129,-0.9425,0.0324,0.8897,0.4018,-1.1771,0.6815,-0.3022,-0.1511,
11.137477,0.0715,-0.8629,0.0340,0.8897,0.4018,-1.1771,0.6815,-0.3022,-0.1511,
11.140054,0.0715,-0.8629,0.0340,1.6810,1.1690,-1.2676,0.6815,-0.3022,-0.1511,
11.141923,0.0715,-0.8629,0.0340,1.6810,1.1690,-1.2676,0.6491,-0.2093,-0.2751,
11.149887,0.0715,-0.8629,0.0340,1.6810,1.1690,-1.2676,0.6595,-0.1445,-0.4205,
11.156530,0.1110,-0.8868,0.1033,1.6810,1.1690,-1.2676,0.6595,-0.1445,-0.4205,
11.158940,0.1110,-0.8868,0.1033,1.9758,0.9276,-0.6802,0.6595,-0.1445,-0.4205,
11.160809,0.1110,-0.8868,0.1033,1.9758,0.9276,-0.6802,0.7023,-0.1183,-0.5842,
11.170731,0.1110,-0.8868,0.1033,1.9758,0.9276,-0.6802,0.7536,-0.0829,-0.7424,
11.176440,-0.1357,-0.9670,0.2182,1.9758,0.9276,-0.6802,0.7536,-0.0829,-0.7424,
11.178250,-0.1357,-0.9670,0.2182,-0.5775,0.1310,0.3201,0.7536,-0.0829,-0.7424,
11.180302,-0.1357,-0.9670,0.2182,-0.5775,0.1310,0.3201,0.8141,-0.0199,-0.8707,
11.190365,-0.1357,-0.9670,0.2182,-0.5775,0.1310,0.3201,0.8788,0.0607,-0.9177,
11.196930,-0.3772,-1.0277,0.1499,-0.5775,0.1310,0.3201,0.8788,0.0607,-0.9177,
11.199605,-0.3772,-1.0277,0.1499,-3.0901,-0.4808,-0.4872,0.8788,0.0607,-0.9177,
11.202084,-0.3772,-1.0277,0.1499,-3.0901,-0.4808,-0.4872,0.9857,0.1566,-0.8780,
11.210439,-0.3772,-1.0277,0.1499,-3.0901,-0.4808,-0.4872,1.1293,0.1988,-0.7949,
11.216822,-0.4677,-1.0502,-0.1334,-3.0901,-0.4808,-0.4872,1.1293,0.1988,-0.7949,
11.219568,-0.4677,-1.0502,-0.1334,-4.0575,-0.7247,-3.3978,1.1293,0.1988,-0.7949,
11.224580,-0.4677,-1.0502,-0.1334,-4.0575,-0.7247,-3.3978,1.1794,0.1297,-0.6941,
11.230193,-0.4677,-1.0502,-0.1334,-4.0575,-0.7247,-3.3978,1.0437,-0.0517,-0.5726,
11.238352,-0.3742,-1.0775,-0.1851,-4.0575,-0.7247,-3.3978,1.0437,-0.0517,-0.5726,
11.241594,-0.3742,-1.0775,-0.1851,-3.1723,-1.0174,-4.0207,1.0437,-0.0517,-0.5726,
11.243867,-0.3742,-1.0775,-0.1851,-3.1723,-1.0174,-4.0207,0.7866,-0.2747,-0.4333,
11.250134,-0.3742,-1.0775,-0.1851,-3.1723,-1.0174,-4.0207,0.5422,-0.4665,-0.3136,
11.256686,-0.2437,-1.1705,-0.0112,-3.1723,-1.0174,-4.0207,0.5422,-0.4665,-0.3136,
11.260735,-0.2437,-1.1705,-0.0112,-1.9013,-1.9360,-2.3515,0.5422,-0.4665,-0.3136,
11.262822,-0.2437,-1.1705,-0.0112,-1.9013,-1.9360,-2.3515,0.3571,-0.6216,-0.2311,
11.271609,-0.2437,-1.1705,-0.0112,-1.9013,-1.9360,-2.3515,0.2093,-0.7792,-0.1572,
11.276607,-0.2314,-1.2738,0.0376,-1.9013,-1.9360,-2.3515,0.2093,-0.7792,-0.1572,
11.278543,-0.2314,-1.2738,0.0376,-1.7771,-2.9420,-1.8434,0.2093,-0.7792,-0.1572,
11.280875,-0.2314,-1.2738,0.0376,-1.7771,-2.9420,-1.8434,0.0920,-0.9564,-0.0839,
11.290351,-0.2314,-1.2738,0.0376,-1.7771,-2.9420,-1.8434,-0.1969,-1.2276,0.0835,
11.296397,-0.4175,-1.2875,0.0253,-1.7771,-2.9420,-1.8434,-0.1969,-1.2276,0.0835,
11.298225,-0.4175,-1.2875,0.0253,-3.5682,-3.0589,-1.8808,-0.1969,-1.2276,0.0835,
11.300750,-0.4175,-1.2875,0.0253,-3.5682,-3.0589,-1.8808,-0.3301,-1.1934,0.2014,
11.309959,-0.4175,-1.2875,0.0253,-3.5682,-3.0589,-1.8808,-0.4871,-1.0224,0.3352,
11.316428,-0.6503,-1.2219,0.0622,-3.5682,-3.0589,-1.8808,-0.4871,-1.0224,0.3352,
11.318663,-0.6503,-1.2219,0.0622,-5.7390,-2.3929,-1.3805,-0.4871,-1.0224,0.3352,
11.321106,-0.6503,-1.2219,0.0622,-5.7390,-2.3929,-1.3805,-0.6740,-0.7456,0.5099,
11.329982,-0.6503,-1.2219,0.0622,-5.7390,-2.3929,-1.3805,-0.8151,-0.4677,0.7145,
11.338083,-0.6484,-1.1914,0.0268,-5.7390,-2.3929,-1.3805,-0.8151,-0.4677,0.7145,
11.340890,-0.6484,-1.1914,0.0268,-5.5081,-2.0708,-1.5290,-0.8151,-0.4677,0.7145,
11.342993,-0.6484,-1.1914,0.0268,-5.5081,-2.0708,-1.5290,-0.9385,-0.3596,0.9082,
11.349969,-0.6484,-1.1914,0.0268,-5.5081,-2.0708,-1.5290,-1.1334,-0.4506,1.0450,
11.356389,-0.1297,-1.1730,-0.2304,-5.5081,-2.0708,-1.5290,-1.1334,-0.4506,1.0450,
11.359131,-0.1297,-1.1730,-0.2304,-0.1716,-1.8707,-3.7805,-1.1334,-0.4506,1.0450,
11.361005,-0.1297,-1.1730,-0.2304,-0.1716,-1.8707,-3.7805,-1.4229,-0.6412,1.1018,
11.371257,-0.1297,-1.1730,-0.2304,-0.1716,-1.8707,-3.7805,-1.7791,-0.8635,1.0646,
11.376661,-0.0046,-1.2192,-0.1130,-0.1716,-1.8707,-3.7805,-1.7791,-0.8635,1.0646,
11.378506,-0.0046,-1.2192,-0.1130,1.2793,-2.3013,-2.2700,-1.7791,-0.8635,1.0646,
11.380235,-0.0046,-1.2192,-0.1130,1.2793,-2.3013,-2.2700,-2.1224,-1.0804,0.9833,
11.390015,-0.0046,-1.2192,-0.1130,1.2793,-2.3013,-2.2700,-2.3716,-1.2618,0.9540,
11.396566,-0.0166,-1.2905,0.0597,1.2793,-2.3013,-2.2700,-2.3716,-1.2618,0.9540,
11.398464,-0.0166,-1.2905,0.0597,1.3299,-2.9830,-0.1507,-2.3716,-1.2618,0.9540,
11.400075,-0.0166,-1.2905,0.0597,1.3299,-2.9830,-0.1507,-2.5029,-1.3418,0.9833,
11.409965,-0.0166,-1.2905,0.0597,1.3299,-2.9830,-0.1507,-2.5439,-1.3315,1.0475,
11.416415,0.0194,-1.3067,0.0622,1.3299,-2.9830,-0.1507,-2.5439,-1.3315,1.0475,
11.418150,0.0194,-1.3067,0.0622,1.8552,-3.1453,0.3241,-2.5439,-1.3315,1.0475,
11.420064,0.0194,-1.3067,0.0622,1.8552,-3.1453,0.3241,-2.5200,-1.3119,1.1354,
11.429949,0.0194,-1.3067,0.0622,1.8552,-3.1453,0.3241,-2.4522,-1.3956,1.2173,
11.438181,0.1251,-1.2951,-0.0931,1.8552,-3.1453,0.3241,-2.4522,-1.3956,1.2173,
11.440833,0.1251,-1.2951,-0.0931,3.0717,-3.0614,-0.7634,-2.4522,-1.3956,1.2173,
11.442893,0.1251,-1.2951,-0.0931,3.0717,-3.0614,-0.7634,-2.3582,-1.6436,1.2686,
11.449914,0.1251,-1.2951,-0.0931,3.0717,-3.0614,-0.7634,-2.2726,-1.9545,1.2802,
11.456629,0.1179,-1.2843,-0.0417,3.0717,-3.0614,-0.7634,-2.2726,-1.9545,1.2802,
11.459631,0.1179,-1.2843,-0.0417,3.1807,-3.0048,0.1034,-2.2726,-1.9545,1.2802,
11.461375,0.1179,-1.2843,-0.0417,3.1807,-3.0048,0.1034,-2.2421,-2.1396,1.2710,
11.471323,0.1179,-1.2843,-0.0417,3.1807,-3.0048,0.1034,-2.2952,-2.0492,1.2686,
11.476519,0.0216,-1.2320,0.0667,3.1807,-3.0048,0.1034,-2.2952,-2.0492,1.2686,
11.478064,0.0216,-1.2320,0.0667,2.4205,-2.5547,1.4761,-2.2952,-2.0492,1.2686,
11.480064,0.0216,-1.2320,0.0667,2.4205,-2.5547,1.4761,-2.5616,-1.2643,1.3547,
11.490157,0.0216,-1.2320,0.0667,2.4205,-2.5547,1.4761,-2.5188,-0.9197,1.4042,
11.496550,-0.0376,-1.2544,0.1005,2.4205,-2.5547,1.4761,-2.5188,-0.9197,1.4042,
11.498235,-0.0376,-1.2544,0.1005,2.0321,-2.8605,2.1825,-2.5188,-0.9197,1.4042,
11.500262,-0.0376,-1.2544,0.1005,2.0321,-2.8605,2.1825,-2.3105,-0.7682,1.4170,
11.509875,-0.0376,-1.2544,0.1005,2.0321,-2.8605,2.1825,-2.0582,-0.7004,1.4409,
11.516888,-0.2516,-1.2421,0.0162,2.0321,-2.8605,2.1825,-2.0582,-0.7004,1.4409,
11.520044,-0.2516,-1.2421,0.0162,0.1427,-2.8387,1.6597,-2.0582,-0.7004,1.4409,
11.522564,-0.2516,-1.2421,0.0162,0.1427,-2.8387,1.6597,-1.8377,-0.5813,1.5386,
11.530462,-0.2516,-1.2421,0.0162,0.1427,-2.8387,1.6597,-1.7003,-0.3290,1.7298,
11.537880,-0.4206,-1.1040,0.0205,0.1427,-2.8387,1.6597,-1.7003,-0.3290,1.7298,
11.540320,-0.4206,-1.1040,0.0205,-1.2525,-1.6022,1.9281,-1.7003,-0.3290,1.7298,
11.542348,-0.4206,-1.1040,0.0205,-1.2525,-1.6022,1.9281,-1.6392,-0.0719,1.9454,
11.549933,-0.4206,-1.1040,0.0205,-1.2525,-1.6022,1.9281,-1.6074,0.1022,2.0829,
11.556624,-0.2948,-0.8548,-0.0353,-1.2525,-1.6022,1.9281,-1.6074,0.1022,2.0829,
11.559033,-0.2948,-0.8548,-0.0353,0.2929,0.6931,1.5972,-1.6074,0.1022,2.0829,
11.560729,-0.2948,-0.8548,-0.0353,0.2929,0.6931,1.5972,-1.5805,0.1835,2.1360,
11.571285,-0.2948,-0.8548,-0.0353,0.2929,0.6931,1.5972,-1.6111,0.2159,2.1281,
11.576591,-0.1296,-0.6622,-0.0465,0.2929,0.6931,1.5972,-1.6111,0.2159,2.1281,
11.578510,-0.1296,-0.6622,-0.0465,2.2204,2.4170,1.7030,-1.6111,0.2159,2.1281,
11.580243,-0.1296,-0.6622,-0.0465,2.2204,2.4170,1.7030,-1.6929,0.3057,2.0817,
11.590215,-0.1296,-0.6622,-0.0465,2.2204,2.4170,1.7030,-1.7821,0.4071,2.0029,
11.596674,-0.1224,-0.5527,-0.0876,2.2204,2.4170,1.7030,-1.7821,0.4071,2.0029,
11.598697,-0.1224,-0.5527,-0.0876,2.5613,3.3139,1.5502,-1.7821,0.4071,2.0029,
11.601207,-0.1224,-0.5527,-0.0876,2.5613,3.3139,1.5502,-1.8603,0.5311,1.9088,
11.610471,-0.1224,-0.5527,-0.0876,2.5613,3.3139,1.5502,-1.9293,0.6251,1.8110,
11.616600,-0.2221,-0.4980,-0.1118,2.5613,3.3139,1.5502,-1.9293,0.6251,1.8110,
11.619130,-0.2221,-0.4980,-0.1118,1.8101,3.6629,1.6041,-1.9293,0.6251,1.8110,
11.621456,-0.2221,-0.4980,-0.1118,1.8101,3.6629,1.6041,-1.9678,0.6532,1.7151,
11.630739,-0.2221,-0.4980,-0.1118,1.8101,3.6629,1.6041,-1.9428,0.5977,1.6046,
11.638750,-0.2496,-0.5039,-0.1290,1.8101,3.6629,1.6041,-1.9428,0.5977,1.6046,
11.641403,-0.2496,-0.5039,-0.1290,1.7294,3.4127,1.7364,-1.9428,0.5977,1.6046,
11.643853,-0.2496,-0.5039,-0.1290,1.7294,3.4127,1.7364,-1.8579,0.4608,1.4622,
11.650231,-0.2496,-0.5039,-0.1290,1.7294,3.4127,1.7364,-1.7339,0.3759,1.2997,
11.656670,-0.1473,-0.5543,-0.0755,1.7294,3.4127,1.7364,-1.7339,0.3759,1.2997,
11.659821,-0.1473,-0.5543,-0.0755,2.8708,2.7544,2.5053,-1.7339,0.3759,1.2997,
11.662047,-0.1473,-0.5543,-0.0755,2.8708,2.7544,2.5053,-1.4425,0.4407,1.0163,
11.672034,-0.1473,-0.5543,-0.0755,2.8708,2.7544,2.5053,-1.2946,0.5427,0.9137,
11.676919,-0.1350,-0.5772,-0.0848,2.8708,2.7544,2.5053,-1.2946,0.5427,0.9137,
11.679046,-0.1350,-0.5772,-0.0848,3.0481,2.4282,2.5907,-1.2946,0.5427,0.9137,
11.681165,-0.1350,-0.5772,-0.0848,3.0481,2.4282,2.5907,-1.1694,0.6459,0.8178,
11.690286,-0.1350,-0.5772,-0.0848,3.0481,2.4282,2.5907,-1.0619,0.7143,0.7084,
11.696789,-0.1160,-0.5823,-0.1589,3.0481,2.4282,2.5907,-1.0619,0.7143,0.7084,
11.699452,-0.1160,-0.5823,-0.1589,3.2337,2.3084,2.0239,-1.0619,0.7143,0.7084,
11.701739,-0.1160,-0.5823,-0.1589,3.2337,2.3084,2.0239,-0.9581,0.7772,0.5753,
11.710201,-0.1160,-0.5823,-0.1589,3.2337,2.3084,2.0239,-0.8463,0.8212,0.4409,
11.716507,-0.1647,-0.5545,-0.2325,3.2337,2.3084,2.0239,-0.8463,0.8212,0.4409,
11.718370,-0.1647,-0.5545,-0.2325,2.7079,2.5389,1.4545,-0.8463,0.8212,0.4409,
11.720731,-0.1647,-0.5545,-0.2325,2.7079,2.5389,1.4545,-0.7375,0.8218,0.3389,
11.730070,-0.1647,-0.5545,-0.2325,2.7079,2.5389,1.4545,-0.6361,0.7913,0.2747,
11.738232,-0.3679,-0.5437,-0.3704,2.7079,2.5389,1.4545,-0.6361,0.7913,0.2747,
11.741093,-0.3679,-0.5437,-0.3704,0.6631,2.6038,0.2473,-0.6361,0.7913,0.2747,
11.743070,-0.3679,-0.5437,-0.3704,0.6631,2.6038,0.2473,-0.5359,0.7253,0.2436,
11.749930,-0.3679,-0.5437,-0.3704,0.6631,2.6038,0.2473,-0.4449,0.6221,0.2326,
11.756827,-0.4974,-0.5457,-0.4692,0.6631,2.6038,0.2473,-0.4449,0.6221,0.2326,
11.759663,-0.4974,-0.5457,-0.4692,-0.6229,2.5275,-0.5882,-0.4449,0.6221,0.2326,
11.761498,-0.4974,-0.5457,-0.4692,-0.6229,2.5275,-0.5882,-0.3845,0.5066,0.2258,
11.771868,-0.4974,-0.5457,-0.4692,-0.6229,2.5275,-0.5882,-0.3570,0.3991,0.2289,
11.776869,-0.5612,-0.5672,-0.5139,-0.6229,2.5275,-0.5882,-0.3570,0.3991,0.2289,
11.779836,-0.5612,-0.5672,-0.5139,-1.2396,2.2595,-0.9241,-0.3570,0.3991,0.2289,
11.781996,-0.5612,-0.5672,-0.5139,-1.2396,2.2595,-0.9241,-0.3393,0.3344,0.2399,
11.790131,-0.5612,-0.5672,-0.5139,-1.2396,2.2595,-0.9241,-0.3038,0.3252,0.2515,
11.796555,-0.5567,-0.6461,-0.4363,-1.2396,2.2595,-0.9241,-0.3038,0.3252,0.2515,
11.798810,-0.5567,-0.6461,-0.4363,-1.1640,1.4238,-0.0795,-0.3038,0.3252,0.2515,
11.800891,-0.5567,-0.6461,-0.4363,-1.1640,1.4238,-0.0795,-0.2269,0.3741,0.2552,
11.810269,-0.5567,-0.6461,-0.4363,-1.1640,1.4238,-0.0795,-0.1010,0.4529,0.2356,
11.816552,-0.5669,-0.7619,-0.3916,-1.1640,1.4238,-0.0795,-0.1010,0.4529,0.2356,
11.818799,-0.5669,-0.7619,-0.3916,-1.2386,0.2416,0.4188,-0.1010,0.4529,0.2356,
11.821072,-0.5669,-0.7619,-0.3916,-1.2386,0.2416,0.4188,0.0700,0.5335,0.1892,
11.830383,-0.5669,-0.7619,-0.3916,-1.2386,0.2416,0.4188,0.2741,0.6019,0.1263,
11.839556,-0.6576,-0.8188,-0.4367,-1.2386,0.2416,0.4188,0.2741,0.6019,0.1263,
11.842615,-0.6576,-0.8188,-0.4367,-2.1194,-0.3296,-0.0062,0.2741,0.6019,0.1263,
11.845603,-0.6576,-0.8188,-0.4367,-2.1194,-0.3296,-0.0062,0.4860,0.6459,0.0090,
11.850179,-0.6576,-0.8188,-0.4367,-2.1194,-0.3296,-0.0062,0.7725,0.6019,-0.0301,
11.856588,-0.8039,-0.8171,-0.5783,-2.1194,-0.3296,-0.0062,0.7725,0.6019,-0.0301,
11.859568,-0.8039,-0.8171,-0.5783,-3.5545,-0.2885,-1.4367,0.7725,0.6019,-0.0301,
11.862008,-0.8039,-0.8171,-0.5783,-3.5545,-0.2885,-1.4367,0.7933,0.4962,-0.0435,
11.872379,-0.8039,-0.8171,-0.5783,-3.5545,-0.2885,-1.4367,0.7682,0.3680,-0.0442,
11.876793,-0.8771,-0.7328,-0.5763,-3.5545,-0.2885,-1.4367,0.7682,0.3680,-0.0442,
11.879044,-0.8771,-0.7328,-0.5763,-4.2417,0.5611,-1.4921,0.7682,0.3680,-0.0442,
11.881534,-0.8771,-0.7328,-0.5763,-4.2417,0.5611,-1.4921,0.7909,0.1798,-0.0448,
11.890169,-0.8771,-0.7328,-0.5763,-4.2417,0.5611,-1.4921,0.9161,-0.1268,-0.0716,
11.896622,-0.7200,-0.5601,-0.4010,-4.2417,0.5611,-1.4921,0.9161,-0.1268,-0.0716,
11.898768,-0.7200,-0.5601,-0.4010,-2.6299,2.2755,0.1071,0.9161,-0.1268,-0.0716,
11.900857,-0.7200,-0.5601,-0.4010,-2.6299,2.2755,0.1071,1.1775,-0.5092,-0.1132,
11.910398,-0.7200,-0.5601,-0.4010,-2.6299,2.2755,0.1071,1.4390,-0.8434,-0.1468,
11.916715,-0.1891,-0.8084,-0.4058,-2.6299,2.2755,0.1071,1.4390,-0.8434,-0.1468,
11.919473,-0.1891,-0.8084,-0.4058,2.6364,-0.0715,-0.1849,1.4390,-0.8434,-0.1468,
11.921718,-0.1891,-0.8084,-0.4058,2.6364,-0.0715,-0.1849,1.5294,-0.9686,-0.2519,
11.930710,-0.1891,-0.8084,-0.4058,2.6364,-0.0715,-0.1849,1.4249,-0.7450,-0.5542,
11.938985,-0.2712,-1.3890,-0.9411,2.6364,-0.0715,-0.1849,1.4249,-0.7450,-0.5542,
11.942144,-0.2712,-1.3890,-0.9411,1.8131,-5.6307,-5.6900,1.4249,-0.7450,-0.5542,
11.945355,-0.2712,-1.3890,-0.9411,1.8131,-5.6307,-5.6900,1.0969,-0.2997,-0.9159,
11.956645,-0.5596,-1.3859,-0.2240,1.8131,-5.6307,-5.6900,1.0969,-0.2997,-0.9159,
11.959675,-0.5596,-1.3859,-0.2240,-1.1106,-5.4884,1.2007,1.0969,-0.2997,-0.9159,
11.961969,-0.5596,-1.3859,-0.2240,-1.1106,-5.4884,1.2007,0.7628,-0.5300,-0.7528,
11.972474,-0.5596,-1.3859,-0.2240,-1.1106,-5.4884,1.2007,0.9430,-0.9894,-0.4767,
11.976962,-0.0705,-0.7340,-0.0722,-1.1106,-5.4884,1.2007,0.9430,-0.9894,-0.4767,
11.978981,-0.0705,-0.7340,-0.0722,3.5853,1.0529,2.4366,0.9430,-0.9894,-0.4767,
11.981466,-0.0705,-0.7340,-0.0722,3.5853,1.0529,2.4366,1.1610,-0.9961,-0.3533,
11.990109,-0.0705,-0.7340,-0.0722,3.5853,1.0529,2.4366,1.3535,-0.7902,-0.4528,
11.997040,-0.0164,-0.7174,-0.2685,3.5853,1.0529,2.4366,1.3535,-0.7902,-0.4528,
11.999619,-0.0164,-0.7174,-0.2685,4.0473,1.3450,0.2523,1.3535,-0.7902,-0.4528,
12.002108,-0.0164,-0.7174,-0.2685,4.0473,1.3450,0.2523,1.3962,-0.7921,-0.6440,
12.010202,-0.0164,-0.7174,-0.2685,4.0473,1.3450,0.2523,1.4005,-0.8562,-0.8377,
12.016642,-0.1419,-1.0361,-0.1127,4.0473,1.3450,0.2523,1.4005,-0.8562,-0.8377,
12.019177,-0.1419,-1.0361,-0.1127,2.6691,-1.6101,1.4819,1.4005,-0.8562,-0.8377,
12.021588,-0.1419,-1.0361,-0.1127,2.6691,-1.6101,1.4819,1.4885,-0.8342,-0.9806,
12.030365,-0.1419,-1.0361,-0.1127,2.6691,-1.6101,1.4819,1.3663,-0.5105,-1.2024,
12.039614,-0.1774,-1.1954,-0.4118,2.6691,-1.6101,1.4819,1.3663,-0.5105,-1.2024,
12.042562,-0.1774,-1.1954,-0.4118,2.0952,-2.9898,-1.7225,1.3663,-0.5105,-1.2024,
12.044921,-0.1774,-1.1954,-0.4118,2.0952,-2.9898,-1.7225,1.1781,-0.2447,-1.2622,
12.050282,-0.1774,-1.1954,-0.4118,2.0952,-2.9898,-1.7225,1.1244,-0.1940,-1.2592,
12.057046,-0.2179,-1.0122,-0.1268,2.0952,-2.9898,-1.7225,1.1244,-0.1940,-1.2592,
12.060243,-0.2179,-1.0122,-0.1268,1.4263,-1.0287,0.8653,1.1244,-0.1940,-1.2592,
12.062445,-0.2179,-1.0122,-0.1268,1.4263,-1.0287,0.8653,1.1653,-0.2967,-1.2390,
12.072556,-0.2179,-1.0122,-0.1268,1.4263,-1.0287,0.8653,1.2020,-0.3895,-1.2592,
12.076949,-0.1719,-0.8597,-0.0551,1.4263,-1.0287,0.8653,1.2020,-0.3895,-1.2592,
12.079380,-0.1719,-0.8597,-0.0551,1.6236,0.6141,1.3361,1.2020,-0.3895,-1.2592,
12.081541,-0.1719,-0.8597,-0.0551,1.6236,0.6141,1.3361,1.2123,-0.4530,-1.3141,
12.090139,-0.1719,-0.8597,-0.0551,1.6236,0.6141,1.3361,1.2075,-0.5111,-1.3752,
12.096666,-0.1650,-0.7897,-0.0509,1.6236,0.6141,1.3361,1.2075,-0.5111,-1.3752,
12.098934,-0.1650,-0.7897,-0.0509,1.4366,1.4363,1.1299,1.2075,-0.5111,-1.3752,
12.100847,-0.1650,-0.7897,-0.0509,1.4366,1.4363,1.1299,1.1989,-0.5361,-1.4198,
12.110325,-0.1650,-0.7897,-0.0509,1.4366,1.4363,1.1299,1.2032,-0.5465,-1.4284,
12.116959,-0.1849,-0.8539,-0.0517,1.4366,1.4363,1.1299,1.2032,-0.5465,-1.4284,
12.118810,-0.1849,-0.8539,-0.0517,0.9786,0.9322,0.8693,1.2032,-0.5465,-1.4284,
12.121544,-0.1849,-0.8539,-0.0517,0.9786,0.9322,0.8693,1.2123,-0.5697,-1.3978,
12.130483,-0.1849,-0.8539,-0.0517,0.9786,0.9322,0.8693,1.2056,-0.6027,-1.3349,
12.139546,-0.1856,-0.9055,-0.0597,0.9786,0.9322,0.8693,1.2056,-0.6027,-1.3349,
12.142769,-0.1856,-0.9055,-0.0597,0.7230,0.5312,0.5338,1.2056,-0.6027,-1.3349,
12.145418,-0.1856,-0.9055,-0.0597,0.7230,0.5312,0.5338,1.1842,-0.6418,-1.2567,
12.150166,-0.1856,-0.9055,-0.0597,0.7230,0.5312,0.5338,1.1592,-0.6448,-1.1700,
12.156796,-0.2320,-0.9138,-0.0151,0.7230,0.5312,0.5338,1.1592,-0.6448,-1.1700,
12.160012,-0.2320,-0.9138,-0.0151,0.0508,0.5322,0.7193,1.1592,-0.6448,-1.1700,
12.162247,-0.2320,-0.9138,-0.0151,0.0508,0.5322,0.7193,1.1439,-0.5874,-1.0857,
12.172615,-0.2320,-0.9138,-0.0151,0.0508,0.5322,0.7193,1.1317,-0.5098,-1.0338,
12.176753,-0.3066,-0.9119,0.0254,0.0508,0.5322,0.7193,1.1317,-0.5098,-1.0338,
12.179487,-0.3066,-0.9119,0.0254,-0.8718,0.6151,0.8745,1.1317,-0.5098,-1.0338,
12.181646,-0.3066,-0.9119,0.0254,-0.8718,0.6151,0.8745,1.1219,-0.3907,-1.0289,
12.190192,-0.3066,-0.9119,0.0254,-0.8718,0.6151,0.8745,1.1128,-0.1867,-1.0380,
12.196848,-0.3258,-0.9124,-0.0140,-0.8718,0.6151,0.8745,1.1128,-0.1867,-1.0380,
12.199491,-0.3258,-0.9124,-0.0140,-1.2400,0.6608,0.2632,1.1128,-0.1867,-1.0380,
12.201431,-0.3258,-0.9124,-0.0140,-1.2400,0.6608,0.2632,1.0981,0.0760,-1.0222,
12.210049,-0.3258,-0.9124,-0.0140,-1.2400,0.6608,0.2632,1.0120,0.5024,-0.9354,
12.216538,-0.2840,-0.8680,-0.1333,-1.2400,0.6608,0.2632,1.0120,0.5024,-0.9354,
12.218334,-0.2840,-0.8680,-0.1333,-0.9918,1.1325,-1.0833,1.0120,0.5024,-0.9354,
12.220657,-0.2840,-0.8680,-0.1333,-0.9918,1.1325,-1.0833,0.9265,0.5561,-0.8725,
12.229926,-0.2840,-0.8680,-0.1333,-0.9918,1.1325,-1.0833,0.8385,0.5121,-0.7931,
12.238717,-0.2231,-0.8449,-0.1649,-0.9918,1.1325,-1.0833,0.8385,0.5121,-0.7931,
12.241800,-0.2231,-0.8449,-0.1649,-0.5191,1.3831,-1.5125,0.8385,0.5121,-0.7931,
12.243796,-0.2231,-0.8449,-0.1649,-0.5191,1.3831,-1.5125,0.7640,0.4034,-0.7167,
12.250059,-0.2231,-0.8449,-0.1649,-0.5191,1.3831,-1.5125,0.7047,0.2415,-0.6593,
12.256292,-0.1764,-0.8829,-0.1375,-0.5191,1.3831,-1.5125,0.7047,0.2415,-0.6593,
12.259037,-0.1764,-0.8829,-0.1375,-0.1609,1.0279,-1.3343,0.7047,0.2415,-0.6593,
12.261002,-0.1764,-0.8829,-0.1375,-0.1609,1.0279,-1.3343,0.6675,0.0748,-0.6159,
12.272165,-0.1764,-0.8829,-0.1375,-0.1609,1.0279,-1.3343,0.6314,-0.1140,-0.5817,
12.276753,-0.1699,-0.9234,-0.1222,-0.1609,1.0279,-1.3343,0.6314,-0.1140,-0.5817,
12.278502,-0.1699,-0.9234,-0.1222,-0.1826,0.6448,-1.2626,0.6314,-0.1140,-0.5817,
12.280208,-0.1699,-0.9234,-0.1222,-0.1826,0.6448,-1.2626,0.5923,-0.3022,-0.5603,
12.290253,-0.1699,-0.9234,-0.1222,-0.1826,0.6448,-1.2626,0.5642,-0.4536,-0.5396,
12.296692,-0.2024,-0.8960,-0.1664,-0.1826,0.6448,-1.2626,0.5642,-0.4536,-0.5396,
12.298781,-0.2024,-0.8960,-0.1664,-0.5733,0.9231,-1.7580,0.5642,-0.4536,-0.5396,
12.300879,-0.2024,-0.8960,-0.1664,-0.5733,0.9231,-1.7580,0.5233,-0.6180,-0.5133,
12.310343,-0.2024,-0.8960,-0.1664,-0.5733,0.9231,-1.7580,0.4646,-0.7780,-0.4730,
12.316498,-0.2537,-0.8911,-0.0487,-0.5733,0.9231,-1.7580,0.4646,-0.7780,-0.4730,
12.318190,-0.2537,-0.8911,-0.0487,-1.1318,0.9780,-0.6661,0.4646,-0.7780,-0.4730,
12.320421,-0.2537,-0.8911,-0.0487,-1.1318,0.9780,-0.6661,0.4329,-0.8794,-0.3960,
12.329885,-0.2537,-0.8911,-0.0487,-1.1318,0.9780,-0.6661,0.4494,-0.8764,-0.3294,
12.338983,-0.2818,-0.8403,0.0366,-1.1318,0.9780,-0.6661,0.4494,-0.8764,-0.3294,
12.341448,-0.2818,-0.8403,0.0366,-1.4304,1.4776,0.1016,0.4494,-0.8764,-0.3294,
12.343451,-0.2818,-0.8403,0.0366,-1.4304,1.4776,0.1016,0.4781,-0.7756,-0.3056,
12.349861,-0.2818,-0.8403,0.0366,-1.4304,1.4776,0.1016,0.5129,-0.6003,-0.2897,
12.356478,-0.2774,-0.8823,0.0741,-1.4304,1.4776,0.1016,0.5129,-0.6003,-0.2897,
12.360176,-0.2774,-0.8823,0.0741,-1.3962,1.0642,0.3799,0.5129,-0.6003,-0.2897,
12.362023,-0.2774,-0.8823,0.0741,-1.3962,1.0642,0.3799,0.5862,-0.3974,-0.2598,
12.372409,-0.2774,-0.8823,0.0741,-1.3962,1.0642,0.3799,0.6681,-0.2765,-0.2470,
12.376570,-0.2482,-0.8769,-0.0209,-1.3962,1.0642,0.3799,0.6681,-0.2765,-0.2470,
12.378219,-0.2482,-0.8769,-0.0209,-1.1079,1.1124,-0.6537,0.6681,-0.2765,-0.2470,
12.379965,-0.2482,-0.8769,-0.0209,-1.1079,1.1124,-0.6537,0.7151,-0.2197,-0.2696,
12.390106,-0.2482,-0.8769,-0.0209,-1.1079,1.1124,-0.6537,0.7206,-0.1659,-0.3307,
12.396740,-0.3125,-0.8702,-0.0230,-1.1079,1.1124,-0.6537,0.7206,-0.1659,-0.3307,
12.398634,-0.3125,-0.8702,-0.0230,-1.7331,1.1719,-0.7841,0.7206,-0.1659,-0.3307,
12.400334,-0.3125,-0.8702,-0.0230,-1.7331,1.1719,-0.7841,0.6815,-0.1427,-0.3710,
12.410054,-0.3125,-0.8702,-0.0230,-1.7331,1.1719,-0.7841,0.6785,-0.1965,-0.3673,
12.416704,-0.3257,-0.9080,0.0493,-1.7331,1.1719,-0.7841,0.6785,-0.1965,-0.3673,
12.419098,-0.3257,-0.9080,0.0493,-1.8657,0.7957,-0.1821,0.6785,-0.1965,-0.3673,
12.421420,-0.3257,-0.9080,0.0493,-1.8657,0.7957,-0.1821,0.7004,-0.2172,-0.3673,
12.430347,-0.3257,-0.9080,0.0493,-1.8657,0.7957,-0.1821,0.7505,-0.1800,-0.3594,
12.439524,-0.3236,-0.9813,0.0989,-1.8657,0.7957,-0.1821,0.7505,-0.1800,-0.3594,
12.442458,-0.3236,-0.9813,0.0989,-1.8475,0.0685,0.1798,0.7505,-0.1800,-0.3594,
12.445342,-0.3236,-0.9813,0.0989,-1.8475,0.0685,0.1798,0.8183,-0.1201,-0.3508,
12.450189,-0.3236,-0.9813,0.0989,-1.8475,0.0685,0.1798,0.8739,-0.0725,-0.3453,
12.456770,-0.3250,-1.0440,0.0439,-1.8475,0.0685,0.1798,0.8739,-0.0725,-0.3453,
12.460062,-0.3250,-1.0440,0.0439,-1.8604,-0.5594,-0.4995,0.8739,-0.0725,-0.3453,
12.462173,-0.3250,-1.0440,0.0439,-1.8604,-0.5594,-0.4995,0.8831,-0.0450,-0.3325,
12.470326,-0.3250,-1.0440,0.0439,-1.8604,-0.5594,-0.4995,0.8574,-0.0383,-0.3154,
12.476734,-0.3020,-1.2694,-0.0192,-1.8604,-0.5594,-0.4995,0.8574,-0.0383,-0.3154,
12.480153,-0.3020,-1.2694,-0.0192,-1.6372,-2.7812,-1.2490,0.8574,-0.0383,-0.3154,
12.482323,-0.3020,-1.2694,-0.0192,-1.6372,-2.7812,-1.2490,0.8244,-0.0548,-0.2861,
12.490117,-0.3020,-1.2694,-0.0192,-1.6372,-2.7812,-1.2490,0.7707,-0.1042,-0.2567,
12.496637,-0.2753,-1.3029,-0.1124,-1.6372,-2.7812,-1.2490,0.7707,-0.1042,-0.2567,
12.498886,-0.2753,-1.3029,-0.1124,-1.3794,-3.1206,-2.2642,0.7707,-0.1042,-0.2567,
12.501090,-0.2753,-1.3029,-0.1124,-1.3794,-3.1206,-2.2642,0.6668,-0.1812,-0.2433,
12.510226,-0.2753,-1.3029,-0.1124,-1.3794,-3.1206,-2.2642,0.5074,-0.2417,-0.2244,
12.516671,-0.3160,-1.2248,-0.1218,-1.3794,-3.1206,-2.2642,0.5074,-0.2417,-0.2244,
12.518746,-0.3160,-1.2248,-0.1218,-1.7778,-2.3621,-2.4089,0.5074,-0.2417,-0.2244,
12.521050,-0.3160,-1.2248,-0.1218,-1.7778,-2.3621,-2.4089,0.2979,-0.2343,-0.1657,
12.530322,-0.3160,-1.2248,-0.1218,-1.7778,-2.3621,-2.4089,0.0871,-0.1885,-0.0741,
12.536705,-0.3225,-1.2053,-0.0448,-1.7778,-2.3621,-2.4089,0.0871,-0.1885,-0.0741,
12.538567,-0.3225,-1.2053,-0.0448,-1.8195,-2.1708,-1.6324,0.0871,-0.1885,-0.0741,
12.540630,-0.3225,-1.2053,-0.0448,-1.8195,-2.1708,-1.6324,-0.0870,-0.1494,0.0218,
12.549965,-0.3225,-1.2053,-0.0448,-1.8195,-2.1708,-1.6324,-0.2214,-0.1085,0.1171,
12.556476,-0.4172,-1.3229,-0.0490,-1.8195,-2.1708,-1.6324,-0.2214,-0.1085,0.1171,
12.558935,-0.4172,-1.3229,-0.0490,-2.6839,-3.3222,-1.5860,-0.2214,-0.1085,0.1171,
12.561176,-0.4172,-1.3229,-0.0490,-2.6839,-3.3222,-1.5860,-0.3240,-0.0621,0.2283,
12.570039,-0.4172,-1.3229,-0.0490,-2.6839,-3.3222,-1.5860,-0.3973,-0.0560,0.3633,
12.576480,-0.3751,-1.3873,-0.3050,-2.6839,-3.3222,-1.5860,-0.3973,-0.0560,0.3633,
12.579365,-0.3751,-1.3873,-0.3050,-2.1686,-3.9532,-3.9508,-0.3973,-0.0560,0.3633,
12.581383,-0.3751,-1.3873,-0.3050,-2.1686,-3.9532,-3.9508,-0.6661,-0.3492,0.5624,
12.591685,-0.3751,-1.3873,-0.3050,-2.1686,-3.9532,-3.9508,-1.0112,-0.5184,0.5832,
12.596438,-0.2582,-1.3682,-0.5130,-2.1686,-3.9532,-3.9508,-1.0112,-0.5184,0.5832,
12.597944,-0.2582,-1.3682,-0.5130,-0.8881,-3.7671,-5.7432,-1.0112,-0.5184,0.5832,
12.599747,-0.2582,-1.3682,-0.5130,-0.8881,-3.7671,-5.7432,-1.4577,-0.6363,0.5997,
12.609760,-0.2582,-1.3682,-0.5130,-0.8881,-3.7671,-5.7432,-1.8884,-0.6931,0.6266,
12.616132,-0.2279,-1.2705,-0.3089,-0.8881,-3.7671,-5.7432,-1.8884,-0.6931,0.6266,
12.617596,-0.2279,-1.2705,-0.3089,-0.4619,-2.8113,-3.3537,-1.8884,-0.6931,0.6266,
12.619879,-0.2279,-1.2705,-0.3089,-0.4619,-2.8113,-3.3537,-2.2201,-0.6510,0.6675,
12.629759,-0.2279,-1.2705,-0.3089,-0.4619,-2.8113,-3.3537,-2.4296,-0.5654,0.7255,
12.637598,-0.1675,-1.1888,-0.0716,-0.4619,-2.8113,-3.3537,-2.4296,-0.5654,0.7255,
12.639377,-0.1675,-1.1888,-0.0716,0.2663,-2.0320,-0.5541,-2.4296,-0.5654,0.7255,
12.640760,-0.1675,-1.1888,-0.0716,0.2663,-2.0320,-0.5541,-2.5268,-0.6387,0.7891,
12.649783,-0.1675,-1.1888,-0.0716,0.2663,-2.0320,-0.5541,-2.4974,-0.9454,0.8764,
12.656256,0.0462,-1.1856,-0.1683,0.2663,-2.0320,-0.5541,-2.4974,-0.9454,0.8764,
12.658668,0.0462,-1.1856,-0.1683,2.5070,-2.0503,-1.0269,-2.4974,-0.9454,0.8764,
12.660407,0.0462,-1.1856,-0.1683,2.5070,-2.0503,-1.0269,-2.4028,-1.4219,0.9687,
12.670150,0.0462,-1.1856,-0.1683,2.5070,-2.0503,-1.0269,-2.3404,-1.8257,1.0059,
12.676517,0.1088,-1.2261,0.1594,2.5070,-2.0503,-1.0269,-2.3404,-1.8257,1.0059,
12.679232,0.1088,-1.2261,0.1594,3.2837,-2.5147,2.5591,-2.3404,-1.8257,1.0059,
12.681089,0.1088,-1.2261,0.1594,3.2837,-2.5147,2.5591,-2.3007,-1.8904,0.9937,
12.690044,0.1088,-1.2261,0.1594,3.2837,-2.5147,2.5591,-2.2464,-1.6509,0.9723,
12.696498,0.0439,-1.1424,0.4112,3.2837,-2.5147,2.5591,-2.2464,-1.6509,0.9723,
12.698172,0.0439,-1.1424,0.4112,2.7986,-1.7653,5.3076,-2.2464,-1.6509,0.9723,
12.699873,0.0439,-1.1424,0.4112,2.7986,-1.7653,5.3076,-2.1657,-1.3174,0.9595,
12.710047,0.0439,-1.1424,0.4112,2.7986,-1.7653,5.3076,-2.0069,-1.0596,0.9302,
12.716782,-0.0803,-0.9876,0.3448,2.7986,-1.7653,5.3076,-2.0069,-1.0596,0.9302,
12.719089,-0.0803,-0.9876,0.3448,1.7173,-0.3172,4.8851,-2.0069,-1.0596,0.9302,
12.721347,-0.0803,-0.9876,0.3448,1.7173,-0.3172,4.8851,-1.7058,-0.9839,0.8764,
12.730565,-0.0803,-0.9876,0.3448,1.7173,-0.3172,4.8851,-1.3209,-1.1513,0.8501,
12.737054,-0.3597,-1.0734,-0.0936,1.7173,-0.3172,4.8851,-1.3209,-1.1513,0.8501,
12.739523,-0.3597,-1.0734,-0.0936,-0.8799,-1.2197,0.7250,-1.3209,-1.1513,0.8501,
12.741745,-0.3597,-1.0734,-0.0936,-0.8799,-1.2197,0.7250,-1.0326,-1.5269,0.9247,
12.750534,-0.3597,-1.0734,-0.0936,-0.8799,-1.2197,0.7250,-0.9727,-1.9179,1.1281,
12.756826,-0.4335,-1.1048,-0.1230,-0.8799,-1.2197,0.7250,-0.9727,-1.9179,1.1281,
12.760063,-0.4335,-1.1048,-0.1230,-1.3915,-1.5932,0.4535,-0.9727,-1.9179,1.1281,
12.762322,-0.4335,-1.1048,-0.1230,-1.3915,-1.5932,0.4535,-1.0656,-1.6564,1.6204,
12.770359,-0.4335,-1.1048,-0.1230,-1.3915,-1.5932,0.4535,-0.9862,-0.9258,1.8086,
12.776645,-0.3963,-1.0355,0.0964,-1.3915,-1.5932,0.4535,-0.9862,-0.9258,1.8086,
12.779492,-0.3963,-1.0355,0.0964,-0.6990,-1.0273,2.6318,-0.9862,-0.9258,1.8086,
12.781858,-0.3963,-1.0355,0.0964,-0.6990,-1.0273,2.6318,-0.8896,-0.1329,1.9900,
12.790107,-0.3963,-1.0355,0.0964,-0.6990,-1.0273,2.6318,-0.8530,0.5506,2.1611,
12.796831,-0.2919,-0.9931,0.0087,-0.6990,-1.0273,2.6318,-0.8530,0.5506,2.1611,
12.799120,-0.2919,-0.9931,0.0087,0.6501,-0.7498,1.8610,-0.8530,0.5506,2.1611,
12.801090,-0.2919,-0.9931,0.0087,0.6501,-0.7498,1.8610,-0.8811,0.8982,2.2484,
12.810257,-0.2919,-0.9931,0.0087,0.6501,-0.7498,1.8610,-0.9006,0.8927,2.2154,
12.816559,-0.2359,-0.9150,-0.0589,0.6501,-0.7498,1.8610,-0.9006,0.8927,2.2154,
12.818103,-0.2359,-0.9150,-0.0589,1.5108,-0.1430,1.3437,-0.9006,0.8927,2.2154,
12.820086,-0.2359,-0.9150,-0.0589,1.5108,-0.1430,1.3437,-0.8793,0.7430,2.1171,
12.829929,-0.2359,-0.9150,-0.0589,1.5108,-0.1430,1.3437,-0.8786,0.6795,2.0444,
12.836740,-0.2325,-0.7941,-0.1114,1.5108,-0.1430,1.3437,-0.8786,0.6795,2.0444,
12.838448,-0.2325,-0.7941,-0.1114,1.8179,0.8870,0.9663,-0.8786,0.6795,2.0444,
12.840394,-0.2325,-0.7941,-0.1114,1.8179,0.8870,0.9663,-0.8982,0.6801,2.0077,
12.850038,-0.2325,-0.7941,-0.1114,1.8179,0.8870,0.9663,-0.9122,0.7986,1.9967,
12.857064,-0.2139,-0.7107,-0.1754,1.8179,0.8870,0.9663,-0.9122,0.7986,1.9967,
12.860887,-0.2139,-0.7107,-0.1754,2.2432,1.5458,0.4971,-0.9122,0.7986,1.9967,
12.862625,-0.2139,-0.7107,-0.1754,2.2432,1.5458,0.4971,-0.9544,1.0399,1.9937,
12.870358,-0.2139,-0.7107,-0.1754,2.2432,1.5458,0.4971,-1.0167,1.1261,1.9418,
12.876713,-0.1572,-0.5967,-0.1270,2.2432,1.5458,0.4971,-1.0167,1.1261,1.9418,
12.879603,-0.1572,-0.5967,-0.1270,3.0034,2.4980,1.1776,-1.0167,1.1261,1.9418,
12.881880,-0.1572,-0.5967,-0.1270,3.0034,2.4980,1.1776,-1.0369,1.1328,1.8318,
12.890329,-0.1572,-0.5967,-0.1270,3.0034,2.4980,1.1776,-1.0314,1.0314,1.6986,
12.896646,-0.1262,-0.4859,-0.1026,3.0034,2.4980,1.1776,-1.0314,1.0314,1.6986,
12.898883,-0.1262,-0.4859,-0.1026,3.4603,3.4331,1.6303,-1.0314,1.0314,1.6986,
12.900984,-0.1262,-0.4859,-0.1026,3.4603,3.4331,1.6303,-1.0338,0.8072,1.5325,
12.910375,-0.1262,-0.4859,-0.1026,3.4603,3.4331,1.6303,-1.0503,0.6490,1.3395,
12.916712,-0.1379,-0.4234,-0.1002,3.4603,3.4331,1.6303,-1.0503,0.6490,1.3395,
12.919211,-0.1379,-0.4234,-0.1002,3.4560,3.9201,1.8372,-1.0503,0.6490,1.3395,
12.921624,-0.1379,-0.4234,-0.1002,3.4560,3.9201,1.8372,-1.0821,0.5970,1.1519,
12.930320,-0.1379,-0.4234,-0.1002,3.4560,3.9201,1.8372,-1.1126,0.5891,0.9735,
12.938288,-0.1168,-0.4564,-0.0401,3.4560,3.9201,1.8372,-1.1126,0.5891,0.9735,
12.940752,-0.1168,-0.4564,-0.0401,3.7129,3.5068,2.5923,-1.1126,0.5891,0.9735,
12.942798,-0.1168,-0.4564,-0.0401,3.7129,3.5068,2.5923,-1.0961,0.6459,0.8190,
12.949800,-0.1168,-0.4564,-0.0401,3.7129,3.5068,2.5923,-1.0210,0.7540,0.6144,
12.957410,-0.1888,-0.4832,-0.0903,3.7129,3.5068,2.5923,-1.0210,0.7540,0.6144,
12.959807,-0.1888,-0.4832,-0.0903,3.0069,3.1769,2.2720,-1.0210,0.7540,0.6144,
12.961474,-0.1888,-0.4832,-0.0903,3.0069,3.1769,2.2720,-0.9917,0.7937,0.5514,
12.970014,-0.1888,-0.4832,-0.0903,3.0069,3.1769,2.2720,-0.9807,0.8194,0.5056,
12.978880,-0.2851,-0.5137,-0.1826,3.0069,3.1769,2.2720,-0.9807,0.8194,0.5056,
12.981617,-0.2851,-0.5137,-0.1826,2.0407,2.8199,1.5443,-0.9807,0.8194,0.5056,
12.983165,-0.2851,-0.5137,-0.1826,2.0407,2.8199,1.5443,-0.9593,0.8518,0.4653,
12.989862,-0.2851,-0.5137,-0.1826,2.0407,2.8199,1.5443,-0.9012,0.8964,0.4244,
12.996195,-0.3961,-0.5523,-0.2639,2.0407,2.8199,1.5443,-0.9012,0.8964,0.4244,
12.997499,-0.3961,-0.5523,-0.2639,0.9307,2.3742,0.9329,-0.9012,0.8964,0.4244,
12.999569,-0.3961,-0.5523,-0.2639,0.9307,2.3742,0.9329,-0.8023,0.9196,0.3847,
13.009614,-0.3961,-0.5523,-0.2639,0.9307,2.3742,0.9329,-0.6771,0.9074,0.3413,
13.016244,-0.6062,-0.6359,-0.3946,0.9307,2.3742,0.9329,-0.6771,0.9074,0.3413,
13.017541,-0.6062,-0.6359,-0.3946,-1.1367,1.4713,-0.1593,-0.6771,0.9074,0.3413,
13.020467,-0.6062,-0.6359,-0.3946,-1.1367,1.4713,-0.1593,-0.5628,0.8866,0.3016,
13.029807,-0.6062,-0.6359,-0.3946,-1.1367,1.4713,-0.1593,-0.4724,0.8689,0.2735,
13.036101,-0.6811,-0.6674,-0.4372,-1.1367,1.4713,-0.1593,-0.4724,0.8689,0.2735,
13.037790,-0.6811,-0.6674,-0.4372,-1.8781,1.0911,-0.4228,-0.4724,0.8689,0.2735,
13.041244,-0.6811,-0.6674,-0.4372,-1.8781,1.0911,-0.4228,-0.3820,0.8383,0.2668,
13.049708,-0.6811,-0.6674,-0.4372,-1.8781,1.0911,-0.4228,-0.2708,0.8225,0.2759,
13.057595,-0.6495,-0.6127,-0.4562,-1.8781,1.0911,-0.4228,-0.2708,0.8225,0.2759,
13.059902,-0.6495,-0.6127,-0.4562,-1.5623,1.5596,-0.4853,-0.2708,0.8225,0.2759,
13.061275,-0.6495,-0.6127,-0.4562,-1.5623,1.5596,-0.4853,-0.1346,0.8463,0.2772,
13.069577,-0.6495,-0.6127,-0.4562,-1.5623,1.5596,-0.4853,0.0285,0.8823,0.2613,
13.076540,-0.6329,-0.5334,-0.4432,-1.5623,1.5596,-0.4853,0.0285,0.8823,0.2613,
13.078485,-0.6329,-0.5334,-0.4432,-1.3791,2.2745,-0.2657,0.0285,0.8823,0.2613,
13.080358,-0.6329,-0.5334,-0.4432,-1.3791,2.2745,-0.2657,0.2172,0.9031,0.2320,
13.090282,-0.6329,-0.5334,-0.4432,-1.3791,2.2745,-0.2657,0.4072,0.9098,0.1941,
13.096533,-0.6413,-0.4777,-0.4456,-1.3791,2.2745,-0.2657,0.4072,0.9098,0.1941,
13.098082,-0.6413,-0.4777,-0.4456,-1.4399,2.7789,-0.2397,0.4072,0.9098,0.1941,
13.100032,-0.6413,-0.4777,-0.4456,-1.4399,2.7789,-0.2397,0.5734,0.8640,0.1501,
13.109774,-0.6413,-0.4777,-0.4456,-1.4399,2.7789,-0.2397,0.7426,0.7253,0.0860,
13.116641,-0.6115,-0.4812,-0.4423,-1.4399,2.7789,-0.2397,0.7426,0.7253,0.0860,
13.118891,-0.6115,-0.4812,-0.4423,-1.1247,2.7327,-0.2116,0.7426,0.7253,0.0860,
13.121259,-0.6115,-0.4812,-0.4423,-1.1247,2.7327,-0.2116,0.9216,0.5317,-0.0087,
13.130266,-0.6115,-0.4812,-0.4423,-1.1247,2.7327,-0.2116,1.1488,0.3008,-0.2470,
13.137065,-0.6149,-0.5562,-0.5090,-1.1247,2.7327,-0.2116,1.1488,0.3008,-0.2470,
13.139829,-0.6149,-0.5562,-0.5090,-1.1438,2.0345,-0.9500,1.1488,0.3008,-0.2470,
13.142121,-0.6149,-0.5562,-0.5090,-1.1438,2.0345,-0.9500,1.2056,0.2525,-0.3618,
13.150940,-0.6149,-0.5562,-0.5090,-1.1438,2.0345,-0.9500,1.2667,0.2098,-0.4718,
13.157614,-0.6733,-0.5824,-0.4416,-1.1438,2.0345,-0.9500,1.2667,0.2098,-0.4718,
13.160640,-0.6733,-0.5824,-0.4416,-1.7250,1.8526,-0.4210,1.2667,0.2098,-0.4718,
13.163273,-0.6733,-0.5824,-0.4416,-1.7250,1.8526,-0.4210,1.3822,0.1230,-0.5817,
13.170293,-0.6733,-0.5824,-0.4416,-1.7250,1.8526,-0.4210,1.5728,-0.0010,-0.7045,
13.176779,-0.5676,-0.5007,-0.2573,-1.7250,1.8526,-0.4210,1.5728,-0.0010,-0.7045,
13.180259,-0.5676,-0.5007,-0.2573,-0.7128,2.7651,1.1921,1.5728,-0.0010,-0.7045,
13.182498,-0.5676,-0.5007,-0.2573,-0.7128,2.7651,1.1921,1.7902,-0.1574,-0.8493,
13.190737,-0.5676,-0.5007,-0.2573,-0.7128,2.7651,1.1921,1.9203,-0.3364,-1.0637,
13.196988,-0.2253,-1.3608,-0.9569,-0.7128,2.7651,1.1921,1.9203,-0.3364,-1.0637,
13.199123,-0.2253,-1.3608,-0.9569,2.5096,-5.4685,-5.9101,1.9203,-0.3364,-1.0637,
13.204418,-0.2253,-1.3608,-0.9569,2.5096,-5.4685,-5.9101,1.8837,-0.4866,-1.3997,
13.216553,-1.6051,-2.9564,-1.2107,2.5096,-5.4685,-5.9101,1.8837,-0.4866,-1.3997,
13.219550,-1.6051,-2.9564,-1.2107,-11.1462,-20.9253,-8.6384,1.8837,-0.4866,-1.3997,
13.223351,-1.6051,-2.9564,-1.2107,-11.1462,-20.9253,-8.6384,0.2851,-0.1928,-1.2256,
13.244795,-1.6051,-2.9564,-1.2107,-11.1462,-20.9253,-8.6384,-0.1450,-0.3089,-0.0197,
13.247139,-0.3558,-1.0514,0.7471,-11.1462,-20.9253,-8.6384,-0.1450,-0.3089,-0.0197,
13.249250,-0.3558,-1.0514,0.7471,0.9567,-2.1558,10.4898,-0.1450,-0.3089,-0.0197,
13.250871,-0.3558,-1.0514,0.7471,0.9567,-2.1558,10.4898,0.6033,-1.3779,0.7884,
13.252387,-0.3558,-1.0514,0.7471,0.9567,-2.1558,10.4898,1.5770,-1.7676,0.6565,
13.266376,0.7091,-0.0012,-0.5607,0.9567,-2.1558,10.4898,1.5770,-1.7676,0.6565,
13.268263,0.7091,-0.0012,-0.5607,11.5339,8.1639,-2.6128,1.5770,-1.7676,0.6565,
13.270314,0.7091,-0.0012,-0.5607,11.5339,8.1639,-2.6128,2.0792,-1.2356,-0.0063,
13.271905,0.7091,-0.0012,-0.5607,11.5339,8.1639,-2.6128,1.7890,-0.8751,-0.7919,
13.276374,0.1349,-0.3442,0.1003,11.5339,8.1639,-2.6128,1.7890,-0.8751,-0.7919,
13.278719,0.1349,-0.3442,0.1003,5.8049,4.9853,3.4734,1.7890,-0.8751,-0.7919,
13.280368,0.1349,-0.3442,0.1003,5.8049,4.9853,3.4734,1.3706,-0.7658,-1.3960,
13.290265,0.1349,-0.3442,0.1003,5.8049,4.9853,3.4734,1.3547,-0.6650,-1.7283,
13.296569,-0.4176,-1.1013,0.1761,5.8049,4.9853,3.4734,1.3547,-0.6650,-1.7283,
13.298379,-0.4176,-1.1013,0.1761,0.0989,-2.1971,3.8963,1.3547,-0.6650,-1.7283,
13.300230,-0.4176,-1.1013,0.1761,0.0989,-2.1971,3.8963,1.5422,-0.7059,-1.7729,
13.310018,-0.4176,-1.1013,0.1761,0.0989,-2.1971,3.8963,1.5471,-0.5056,-1.6721,
13.316628,-0.2403,-1.5987,-0.5570,0.0989,-2.1971,3.8963,1.5471,-0.5056,-1.6721,
13.318452,-0.2403,-1.5987,-0.5570,1.4931,-6.8428,-3.5914,1.5471,-0.5056,-1.6721,
13.320641,-0.2403,-1.5987,-0.5570,1.4931,-6.8428,-3.5914,0.9814,0.6532,-1.5719,
13.330098,-0.2403,-1.5987,-0.5570,1.4931,-6.8428,-3.5914,0.9069,0.2568,-1.3361,
13.336800,-0.3199,-1.0721,-0.0872,1.4931,-6.8428,-3.5914,0.9069,0.2568,-1.3361,
13.339116,-0.3199,-1.0721,-0.0872,0.3989,-1.5255,0.8816,0.9069,0.2568,-1.3361,
13.341223,-0.3199,-1.0721,-0.0872,0.3989,-1.5255,0.8816,1.0095,-0.2502,-1.1504,
13.350076,-0.3199,-1.0721,-0.0872,0.3989,-1.5255,0.8816,1.1494,-0.4268,-1.1462,
13.358068,-0.1829,-0.6442,0.0944,0.3989,-1.5255,0.8816,1.1494,-0.4268,-1.1462,
13.361678,-0.1829,-0.6442,0.0944,1.5219,2.7917,2.4363,1.1494,-0.4268,-1.1462,
13.365251,-0.1829,-0.6442,0.0944,1.5219,2.7917,2.4363,1.2459,-0.3871,-1.2506,
13.370600,-0.1829,-0.6442,0.0944,1.5219,2.7917,2.4363,1.2630,-0.3199,-1.3862,
13.376469,-0.1291,-0.7019,-0.0903,1.5219,2.7917,2.4363,1.2630,-0.3199,-1.3862,
13.378893,-0.1291,-0.7019,-0.0903,1.7990,2.3518,0.3731,1.2630,-0.3199,-1.3862,
13.380800,-0.1291,-0.7019,-0.0903,1.7990,2.3518,0.3731,1.2185,-0.3223,-1.4809,
13.390617,-0.1291,-0.7019,-0.0903,1.7990,2.3518,0.3731,1.1378,-0.3437,-1.5047,
13.396469,-0.2179,-0.9042,-0.1311,1.7990,2.3518,0.3731,1.1378,-0.3437,-1.5047,
13.397722,-0.2179,-0.9042,-0.1311,0.6502,0.4858,-0.2610,1.1378,-0.3437,-1.5047,
13.400086,-0.2179,-0.9042,-0.1311,0.6502,0.4858,-0.2610,1.0328,-0.3327,-1.4821,
13.410168,-0.2179,-0.9042,-0.1311,0.6502,0.4858,-0.2610,0.9271,-0.3028,-1.4278,
13.416770,-0.2896,-0.9075,-0.0507,0.6502,0.4858,-0.2610,0.9271,-0.3028,-1.4278,
13.418625,-0.2896,-0.9075,-0.0507,-0.3206,0.5488,0.3277,0.9271,-0.3028,-1.4278,
13.420792,-0.2896,-0.9075,-0.0507,-0.3206,0.5488,0.3277,0.8416,-0.2741,-1.3490,
13.430303,-0.2896,-0.9075,-0.0507,-0.3206,0.5488,0.3277,0.7909,-0.2502,-1.2628,
13.436784,-0.3291,-0.8984,0.0346,-0.3206,0.5488,0.3277,0.7909,-0.2502,-1.2628,
13.439665,-0.3291,-0.8984,0.0346,-0.9443,0.7104,0.9963,0.7909,-0.2502,-1.2628,
13.442007,-0.3291,-0.8984,0.0346,-0.9443,0.7104,0.9963,0.7744,-0.2069,-1.1889,
13.450350,-0.3291,-0.8984,0.0346,-0.9443,0.7104,0.9963,0.7909,-0.1274,-1.1248,
13.457850,-0.3464,-0.8785,0.0385,-0.9443,0.7104,0.9963,0.7909,-0.1274,-1.1248,
13.461169,-0.3464,-0.8785,0.0385,-1.3115,0.9603,0.8745,0.7909,-0.1274,-1.1248,
13.463260,-0.3464,-0.8785,0.0385,-1.3115,0.9603,0.8745,0.8257,-0.0370,-1.0576,
13.470034,-0.3464,-0.8785,0.0385,-1.3115,0.9603,0.8745,0.8593,0.0491,-0.9855,
13.476535,-0.3126,-0.8590,0.0046,-1.3115,0.9603,0.8745,0.8593,0.0491,-0.9855,
13.479258,-0.3126,-0.8590,0.0046,-1.1391,1.1922,0.3797,0.8593,0.0491,-0.9855,
13.481306,-0.3126,-0.8590,0.0046,-1.1391,1.1922,0.3797,0.8678,0.1126,-0.9189,
13.491092,-0.3126,-0.8590,0.0046,-1.1391,1.1922,0.3797,0.8452,0.1505,-0.8700,
13.496671,-0.2679,-0.8771,-0.0002,-1.1391,1.1922,0.3797,0.8452,0.1505,-0.8700,
13.498530,-0.2679,-0.8771,-0.0002,-0.8333,1.0448,0.1720,0.8452,0.1505,-0.8700,
13.500676,-0.2679,-0.8771,-0.0002,-0.8333,1.0448,0.1720,0.7493,0.1878,-0.8242,
13.510445,-0.2679,-0.8771,-0.0002,-0.8333,1.0448,0.1720,0.7169,0.1560,-0.8084,
13.516617,-0.2625,-0.9202,-0.0068,-0.8333,1.0448,0.1720,0.7169,0.1560,-0.8084,
13.519220,-0.2625,-0.9202,-0.0068,-0.8968,0.6446,-0.0248,0.7169,0.1560,-0.8084,
13.521785,-0.2625,-0.9202,-0.0068,-0.8968,0.6446,-0.0248,0.7035,0.0906,-0.7919,
13.530030,-0.2625,-0.9202,-0.0068,-0.8968,0.6446,-0.0248,0.7169,0.0564,-0.7607,
13.536601,-0.2972,-0.9397,0.0928,-0.8968,0.6446,-0.0248,0.7169,0.0564,-0.7607,
13.539401,-0.2972,-0.9397,0.0928,-1.3371,0.4695,0.8152,0.7169,0.0564,-0.7607,
13.541485,-0.2972,-0.9397,0.0928,-1.3371,0.4695,0.8152,0.7676,0.0766,-0.7057,
13.549927,-0.2972,-0.9397,0.0928,-1.3371,0.4695,0.8152,0.8367,0.1303,-0.6251,
13.557978,-0.2873,-0.9301,0.1136,-1.3371,0.4695,0.8152,0.8367,0.1303,-0.6251,
13.560993,-0.2873,-0.9301,0.1136,-1.3145,0.5730,0.8599,0.8367,0.1303,-0.6251,
13.562925,-0.2873,-0.9301,0.1136,-1.3145,0.5730,0.8599,0.8837,0.1664,-0.5396,
13.569901,-0.2873,-0.9301,0.1136,-1.3145,0.5730,0.8599,0.9002,0.1810,-0.4577,
13.576360,-0.1560,-0.9133,0.0111,-1.3145,0.5730,0.8599,0.9002,0.1810,-0.4577,
13.578690,-0.1560,-0.9133,0.0111,-0.0881,0.7405,-0.3106,0.9002,0.1810,-0.4577,
13.580340,-0.1560,-0.9133,0.0111,-0.0881,0.7405,-0.3106,0.8874,0.1920,-0.3972,
13.591250,-0.1560,-0.9133,0.0111,-0.0881,0.7405,-0.3106,0.8416,0.1945,-0.3685,
13.596546,-0.1268,-0.8686,0.0452,-0.0881,0.7405,-0.3106,0.8416,0.1945,-0.3685,
13.598234,-0.1268,-0.8686,0.0452,0.1482,1.1778,-0.1337,0.8416,0.1945,-0.3685,
13.599928,-0.1268,-0.8686,0.0452,0.1482,1.1778,-0.1337,0.7811,0.2226,-0.3478,
13.609970,-0.1268,-0.8686,0.0452,0.1482,1.1778,-0.1337,0.7554,0.2934,-0.3044,
13.616496,-0.0914,-0.8052,0.0771,0.1482,1.1778,-0.1337,0.7554,0.2934,-0.3044,
13.618208,-0.0914,-0.8052,0.0771,0.4480,1.7966,0.0403,0.7554,0.2934,-0.3044,
13.619919,-0.0914,-0.8052,0.0771,0.4480,1.7966,0.0403,0.7719,0.3264,-0.2659,
13.629894,-0.0914,-0.8052,0.0771,0.4480,1.7966,0.0403,0.7939,0.2855,-0.2738,
13.636319,-0.0603,-0.7745,0.1384,0.4480,1.7966,0.0403,0.7939,0.2855,-0.2738,
13.638739,-0.0603,-0.7745,0.1384,0.7095,2.0924,0.4983,0.7939,0.2855,-0.2738,
13.641300,-0.0603,-0.7745,0.1384,0.7095,2.0924,0.4983,0.8269,0.2776,-0.3136,
13.649920,-0.0603,-0.7745,0.1384,0.7095,2.0924,0.4983,0.8562,0.3276,-0.3636,
13.657887,-0.0437,-0.8730,0.2044,0.7095,2.0924,0.4983,0.8562,0.3276,-0.3636,
13.661064,-0.0437,-0.8730,0.2044,0.8135,1.1189,0.9876,0.8562,0.3276,-0.3636,
13.662948,-0.0437,-0.8730,0.2044,0.8135,1.1189,0.9876,0.8751,0.3918,-0.4192,
13.670122,-0.0437,-0.8730,0.2044,0.8135,1.1189,0.9876,0.9295,0.4773,-0.4852,
13.676577,-0.1463,-0.9345,0.2700,0.8135,1.1189,0.9876,0.9295,0.4773,-0.4852,
13.679637,-0.1463,-0.9345,0.2700,-0.2667,0.5064,1.4582,0.9295,0.4773,-0.4852,
13.681724,-0.1463,-0.9345,0.2700,-0.2667,0.5064,1.4582,1.0547,0.5476,-0.6092,
13.691490,-0.1463,-0.9345,0.2700,-0.2667,0.5064,1.4582,1.3247,0.6258,-0.6422,
13.696623,-0.2571,-1.0232,0.2392,-0.2667,0.5064,1.4582,1.3247,0.6258,-0.6422,
13.698617,-0.2571,-1.0232,0.2392,-1.4451,-0.3822,0.9318,1.3247,0.6258,-0.6422,
13.701113,-0.2571,-1.0232,0.2392,-1.4451,-0.3822,0.9318,1.4463,0.7204,-0.6630,
13.710341,-0.2571,-1.0232,0.2392,-1.4451,-0.3822,0.9318,1.5141,0.7870,-0.6679,
13.716702,-0.3040,-1.0980,-0.0173,-1.4451,-0.3822,0.9318,1.5141,0.7870,-0.6679,
13.718781,-0.3040,-1.0980,-0.0173,-1.9815,-1.1489,-1.8396,1.5141,0.7870,-0.6679,
13.721185,-0.3040,-1.0980,-0.0173,-1.9815,-1.1489,-1.8396,1.4762,0.7608,-0.6581,
13.730227,-0.3040,-1.0980,-0.0173,-1.9815,-1.1489,-1.8396,1.3370,0.6245,-0.6514,
13.736579,-0.2558,-1.1746,-0.2866,-1.9815,-1.1489,-1.8396,1.3370,0.6245,-0.6514,
13.739736,-0.2558,-1.1746,-0.2866,-1.5630,-1.9280,-4.6632,1.3370,0.6245,-0.6514,
13.742097,-0.2558,-1.1746,-0.2866,-1.5630,-1.9280,-4.6632,1.1024,0.4229,-0.6544,
13.750270,-0.2558,-1.1746,-0.2866,-1.5630,-1.9280,-4.6632,0.7872,0.2226,-0.6526,
13.759069,-0.1116,-1.1309,-0.1576,-1.5630,-1.9280,-4.6632,0.7872,0.2226,-0.6526,
13.762063,-0.1116,-1.1309,-0.1576,-0.2262,-1.5087,-3.4820,0.7872,0.2226,-0.6526,
13.764109,-0.1116,-1.1309,-0.1576,-0.2262,-1.5087,-3.4820,0.4359,0.0778,-0.6324,
13.770533,-0.1116,-1.1309,-0.1576,-0.2262,-1.5087,-3.4820,0.1507,-0.0004,-0.6013,
13.776873,-0.1418,-1.1475,0.1571,-0.2262,-1.5087,-3.4820,0.1507,-0.0004,-0.6013,
13.779800,-0.1418,-1.1475,0.1571,-0.6049,-1.6610,-0.3815,0.1507,-0.0004,-0.6013,
13.781399,-0.1418,-1.1475,0.1571,-0.6049,-1.6610,-0.3815,0.0126,-0.0712,-0.5573,
13.791500,-0.1418,-1.1475,0.1571,-0.6049,-1.6610,-0.3815,0.0303,-0.2197,-0.4962,
13.796468,-0.2444,-1.1806,0.0884,-0.6049,-1.6610,-0.3815,0.0303,-0.2197,-0.4962,
13.798480,-0.2444,-1.1806,0.0884,-1.6757,-1.9691,-0.9974,0.0303,-0.2197,-0.4962,
13.800819,-0.2444,-1.1806,0.0884,-1.6757,-1.9691,-0.9974,0.1201,-0.4653,-0.4150,
13.809998,-0.2444,-1.1806,0.0884,-1.6757,-1.9691,-0.9974,0.1617,-0.7579,-0.3093,
13.816403,-0.2930,-1.1197,-0.1471,-1.6757,-1.9691,-0.9974,0.1617,-0.7579,-0.3093,
13.818260,-0.2930,-1.1197,-0.1471,-2.1922,-1.3604,-3.2615,0.1617,-0.7579,-0.3093,
13.819969,-0.2930,-1.1197,-0.1471,-2.1922,-1.3604,-3.2615,0.0951,-1.0071,-0.1950,
13.830048,-0.2930,-1.1197,-0.1471,-2.1922,-1.3604,-3.2615,-0.0796,-1.1561,-0.1010,
13.836674,-0.3221,-1.0591,-0.1096,-2.1922,-1.3604,-3.2615,-0.0796,-1.1561,-0.1010,
13.840131,-0.3221,-1.0591,-0.1096,-2.4812,-0.7533,-2.8239,-0.0796,-1.1561,-0.1010,
13.842596,-0.3221,-1.0591,-0.1096,-2.4812,-0.7533,-2.8239,-0.3191,-1.1855,-0.0411,
13.850609,-0.3221,-1.0591,-0.1096,-2.4812,-0.7533,-2.8239,-0.5897,-1.0810,-0.0100,
13.858092,-0.5038,-1.1099,0.2289,-2.4812,-0.7533,-2.8239,-0.5897,-1.0810,-0.0100,
13.860802,-0.5038,-1.1099,0.2289,-4.2199,-1.2321,0.6200,-0.5897,-1.0810,-0.0100,
13.863234,-0.5038,-1.1099,0.2289,-4.2199,-1.2321,0.6200,-0.8224,-0.8354,0.0236,
13.869698,-0.5038,-1.1099,0.2289,-4.2199,-1.2321,0.6200,-0.9306,-0.1635,0.1764,
13.876766,-0.6648,-1.2248,0.2488,-4.2199,-1.2321,0.6200,-0.9306,-0.1635,0.1764,
13.878575,-0.6648,-1.2248,0.2488,-5.6869,-2.3377,1.0032,-0.9306,-0.1635,0.1764,
13.880393,-0.6648,-1.2248,0.2488,-5.6869,-2.3377,1.0032,-0.9074,0.0008,0.2894,
13.891525,-0.6648,-1.2248,0.2488,-5.6869,-2.3377,1.0032,-0.9208,-0.0804,0.4140,
13.896427,-0.6641,-1.2430,-0.0272,-5.6869,-2.3377,1.0032,-0.9208,-0.0804,0.4140,
13.898279,-0.6641,-1.2430,-0.0272,-5.4967,-2.5052,-1.4963,-0.9208,-0.0804,0.4140,
13.900537,-0.6641,-1.2430,-0.0272,-5.4967,-2.5052,-1.4963,-1.0216,-0.3131,0.5441,
13.909924,-0.6641,-1.2430,-0.0272,-5.4967,-2.5052,-1.4963,-1.2507,-0.4622,0.6999,
13.916548,-0.4145,-1.1238,-0.2086,-5.4967,-2.5052,-1.4963,-1.2507,-0.4622,0.6999,
13.918425,-0.4145,-1.1238,-0.2086,-2.8338,-1.3327,-3.0183,-1.2507,-0.4622,0.6999,
13.920046,-0.4145,-1.1238,-0.2086,-2.8338,-1.3327,-3.0183,-1.5769,-0.3858,0.8459,
13.929906,-0.4145,-1.1238,-0.2086,-2.8338,-1.3327,-3.0183,-1.8994,-0.2166,0.9516,
13.936399,-0.0430,-0.9754,-0.1683,-2.8338,-1.3327,-3.0183,-1.8994,-0.2166,0.9516,
13.938482,-0.0430,-0.9754,-0.1683,1.0388,0.1199,-2.2502,-1.8994,-0.2166,0.9516,
13.941223,-0.0430,-0.9754,-0.1683,1.0388,0.1199,-2.2502,-2.1541,-0.1189,1.0316,
13.949892,-0.0430,-0.9754,-0.1683,1.0388,0.1199,-2.2502,-2.3337,-0.0865,1.0957,
13.957894,0.0652,-0.9301,-0.0230,1.0388,0.1199,-2.2502,-2.3337,-0.0865,1.0957,
13.960325,0.0652,-0.9301,-0.0230,2.3139,0.5466,-0.3826,-2.3337,-0.0865,1.0957,
13.962362,0.0652,-0.9301,-0.0230,2.3139,0.5466,-0.3826,-2.4382,-0.0951,1.1592,
13.969971,0.0652,-0.9301,-0.0230,2.3139,0.5466,-0.3826,-2.4871,-0.1836,1.2332,
13.976435,0.0188,-1.1241,0.0633,2.3139,0.5466,-0.3826,-2.4871,-0.1836,1.2332,
13.980051,0.0188,-1.1241,0.0633,2.0850,-1.4001,0.9313,-2.4871,-0.1836,1.2332,
13.981790,0.0188,-1.1241,0.0633,2.0850,-1.4001,0.9313,-2.5090,-0.3461,1.3333,
13.991367,0.0188,-1.1241,0.0633,2.0850,-1.4001,0.9313,-2.5042,-0.5227,1.4787,
13.996478,-0.0170,-1.3354,0.1627,2.0850,-1.4001,0.9313,-2.5042,-0.5227,1.4787,
13.998152,-0.0170,-1.3354,0.1627,1.9681,-3.5434,2.3290,-2.5042,-0.5227,1.4787,
13.999897,-0.0170,-1.3354,0.1627,1.9681,-3.5434,2.3290,-2.4394,-0.7035,1.6143,
14.010029,-0.0170,-1.3354,0.1627,1.9681,-3.5434,2.3290,-2.3160,-0.8843,1.6754,
14.016578,-0.0370,-1.2945,0.2018,1.9681,-3.5434,2.3290,-2.3160,-0.8843,1.6754,
14.018282,-0.0370,-1.2945,0.2018,2.0359,-3.2382,3.0553,-2.3160,-0.8843,1.6754,
14.020092,-0.0370,-1.2945,0.2018,2.0359,-3.2382,3.0553,-2.1975,-1.0462,1.6437,
14.030046,-0.0370,-1.2945,0.2018,2.0359,-3.2382,3.0553,-2.0949,-1.1580,1.5777,
14.036598,-0.1186,-1.2179,0.2746,2.0359,-3.2382,3.0553,-2.0949,-1.1580,1.5777,
14.038942,-0.1186,-1.2179,0.2746,1.4959,-2.5891,4.0165,-2.0949,-1.1580,1.5777,
14.041115,-0.1186,-1.2179,0.2746,1.4959,-2.5891,4.0165,-1.9238,-1.2026,1.5190,
14.049922,-0.1186,-1.2179,0.2746,1.4959,-2.5891,4.0165,-1.6538,-1.3180,1.4286,
14.057916,-0.2564,-1.1650,0.1169,1.4959,-2.5891,4.0165,-1.6538,-1.3180,1.4286,
14.060427,-0.2564,-1.1650,0.1169,0.3904,-2.1678,2.6287,-1.6538,-1.3180,1.4286,
14.062324,-0.2564,-1.1650,0.1169,0.3904,-2.1678,2.6287,-1.1248,-1.2899,1.4378,
14.069895,-0.2564,-1.1650,0.1169,0.3904,-2.1678,2.6287,-1.0143,-0.9472,1.5337,
14.076501,-0.5353,-1.0842,-0.0540,0.3904,-2.1678,2.6287,-1.0143,-0.9472,1.5337,
14.079143,-0.5353,-1.0842,-0.0540,-2.0762,-1.4709,0.9934,-1.0143,-0.9472,1.5337,
14.080895,-0.5353,-1.0842,-0.0540,-2.0762,-1.4709,0.9934,-1.0033,-0.2814,1.7567,
14.091597,-0.5353,-1.0842,-0.0540,-2.0762,-1.4709,0.9934,-0.9965,0.4871,2.0383,
14.096499,-0.6193,-0.9966,0.0611,-2.0762,-1.4709,0.9934,-0.9965,0.4871,2.0383,
14.098343,-0.6193,-0.9966,0.0611,-2.5772,-0.7476,2.2183,-0.9965,0.4871,2.0383,
14.100102,-0.6193,-0.9966,0.0611,-2.5772,-0.7476,2.2183,-0.8976,1.0393,2.2448,
14.110190,-0.6193,-0.9966,0.0611,-2.5772,-0.7476,2.2183,-0.7265,1.3350,2.3248,
14.116663,-0.3375,-0.9001,0.2151,-2.5772,-0.7476,2.2183,-0.7265,1.3350,2.3248,
14.118896,-0.3375,-0.9001,0.2151,0.5260,0.0353,3.8492,-0.7265,1.3350,2.3248,
14.121188,-0.3375,-0.9001,0.2151,0.5260,0.0353,3.8492,-0.5231,1.4498,2.2753,
14.130558,-0.3375,-0.9001,0.2151,0.5260,0.0353,3.8492,-0.3105,1.4791,2.1696,
14.136733,-0.2185,-0.8520,0.2183,0.5260,0.0353,3.8492,-0.3105,1.4791,2.1696,
14.139159,-0.2185,-0.8520,0.2183,1.9871,0.3603,3.9441,-0.3105,1.4791,2.1696,
14.142447,-0.2185,-0.8520,0.2183,1.9871,0.3603,3.9441,-0.0796,1.4578,2.0572,
14.150534,-0.2185,-0.8520,0.2183,1.9871,0.3603,3.9441,0.1336,1.4639,1.9638,
14.159533,-0.2296,-0.8034,0.1368,1.9871,0.3603,3.9441,0.1336,1.4639,1.9638,
14.162110,-0.2296,-0.8034,0.1368,2.1194,0.7201,3.1372,0.1336,1.4639,1.9638,
14.164349,-0.2296,-0.8034,0.1368,2.1194,0.7201,3.1372,0.2838,1.6410,1.8929,
14.170219,-0.2296,-0.8034,0.1368,2.1194,0.7201,3.1372,0.3486,1.9971,1.8422,
14.176607,-0.3298,-0.7852,0.0300,2.1194,0.7201,3.1372,0.3486,1.9971,1.8422,
14.179709,-0.3298,-0.7852,0.0300,1.3366,0.7963,2.0821,0.3486,1.9971,1.8422,
14.181972,-0.3298,-0.7852,0.0300,1.3366,0.7963,2.0821,0.3657,2.3099,1.8110,
14.192241,-0.3298,-0.7852,0.0300,1.3366,0.7963,2.0821,0.3761,2.4614,1.7744,
14.196671,-0.2547,-0.7371,0.0346,1.3366,0.7963,2.0821,0.3761,2.4614,1.7744,
14.198568,-0.2547,-0.7371,0.0346,2.2303,1.1709,2.1744,0.3761,2.4614,1.7744,
14.201174,-0.2547,-0.7371,0.0346,2.2303,1.1709,2.1744,0.3816,2.4577,1.7047,
14.210221,-0.2547,-0.7371,0.0346,2.2303,1.1709,2.1744,0.3883,2.3960,1.5728,
14.216973,-0.1328,-0.6423,-0.1105,2.2303,1.1709,2.1744,0.3883,2.3960,1.5728,
14.219701,-0.1328,-0.6423,-0.1105,3.5329,2.0212,0.8280,0.3883,2.3960,1.5728,
14.222222,-0.1328,-0.6423,-0.1105,3.5329,2.0212,0.8280,0.3614,2.3233,1.3920,
14.229933,-0.1328,-0.6423,-0.1105,3.5329,2.0212,0.8280,0.3406,2.2397,1.1953,
14.236644,0.0406,-0.6679,-0.1532,3.5329,2.0212,0.8280,0.3406,2.2397,1.1953,
14.239038,0.0406,-0.6679,-0.1532,5.2517,1.7355,0.5054,0.3406,2.2397,1.1953,
14.241389,0.0406,-0.6679,-0.1532,5.2517,1.7355,0.5054,0.3975,2.1199,0.7976,
14.250019,0.0406,-0.6679,-0.1532,5.2517,1.7355,0.5054,0.4139,2.0338,0.6235,
14.258226,0.0825,-0.6335,-0.1801,5.2517,1.7355,0.5054,0.4139,2.0338,0.6235,
14.260933,0.0825,-0.6335,-0.1801,5.5643,2.1079,0.3311,0.4139,2.0338,0.6235,
14.262827,0.0825,-0.6335,-0.1801,5.5643,2.1079,0.3311,0.3791,1.9654,0.4592,
14.269874,0.0825,-0.6335,-0.1801,5.5643,2.1079,0.3311,0.3003,1.9287,0.2772,
14.276604,0.1114,-0.5871,-0.2067,5.5643,2.1079,0.3311,0.3003,1.9287,0.2772,
14.279682,0.1114,-0.5871,-0.2067,5.6741,2.6332,0.1746,0.3003,1.9287,0.2772,
14.281421,0.1114,-0.5871,-0.2067,5.6741,2.6332,0.1746,0.2325,1.9416,0.0884,
14.291725,0.1114,-0.5871,-0.2067,5.6741,2.6332,0.1746,0.2044,1.9513,-0.0863,
14.296764,0.0198,-0.5836,-0.2515,5.6741,2.6332,0.1746,0.2044,1.9513,-0.0863,
14.298895,0.0198,-0.5836,-0.2515,4.5353,2.7570,-0.1266,0.2044,1.9513,-0.0863,
14.300987,0.0198,-0.5836,-0.2515,4.5353,2.7570,-0.1266,0.2099,1.9122,-0.2360,
14.310087,0.0198,-0.5836,-0.2515,4.5353,2.7570,-0.1266,0.2325,1.8279,-0.3734,
14.316903,-0.2157,-0.6061,-0.3161,4.5353,2.7570,-0.1266,0.2325,1.8279,-0.3734,
14.319177,-0.2157,-0.6061,-0.3161,1.9699,2.6248,-0.6211,0.2325,1.8279,-0.3734,
14.321612,-0.2157,-0.6061,-0.3161,1.9699,2.6248,-0.6211,0.2484,1.7125,-0.5060,
14.330332,-0.2157,-0.6061,-0.3161,1.9699,2.6248,-0.6211,0.2814,1.5695,-0.6055,
14.336702,-0.3547,-0.5701,-0.3299,1.9699,2.6248,-0.6211,0.2814,1.5695,-0.6055,
14.339120,-0.3547,-0.5701,-0.3299,0.3629,3.0562,-0.6398,0.2814,1.5695,-0.6055,
14.341884,-0.3547,-0.5701,-0.3299,0.3629,3.0562,-0.6398,0.3706,1.4156,-0.6562,
14.350958,-0.3547,-0.5701,-0.3299,0.3629,3.0562,-0.6398,0.5141,1.2537,-0.6972,
14.358691,-0.4290,-0.5597,-0.4944,0.3629,3.0562,-0.6398,0.5141,1.2537,-0.6972,
14.361649,-0.4290,-0.5597,-0.4944,-0.5698,3.2210,-2.1678,0.5141,1.2537,-0.6972,
14.365073,-0.4290,-0.5597,-0.4944,-0.5698,3.2210,-2.1678,0.6699,1.0424,-0.7656,
14.370036,-0.4290,-0.5597,-0.4944,-0.5698,3.2210,-2.1678,0.7573,0.7168,-0.8646,
14.376547,-0.6488,-0.6676,-0.5013,-0.5698,3.2210,-2.1678,0.7573,0.7168,-0.8646,
14.379906,-0.6488,-0.6676,-0.5013,-2.8772,2.2230,-2.2245,0.7573,0.7168,-0.8646,
14.381690,-0.6488,-0.6676,-0.5013,-2.8772,2.2230,-2.2245,0.7573,0.3191,-0.9684,
14.391940,-0.6488,-0.6676,-0.5013,-2.8772,2.2230,-2.2245,0.7188,-0.0651,-1.0270,
14.396401,-1.0255,-0.8310,-0.2659,-2.8772,2.2230,-2.2245,0.7188,-0.0651,-1.0270,
14.397941,-1.0255,-0.8310,-0.2659,-6.6517,0.6773,0.0039,0.7188,-0.0651,-1.0270,
14.400154,-1.0255,-0.8310,-0.2659,-6.6517,0.6773,0.0039,0.6852,-0.3419,-0.9708,
14.409992,-1.0255,-0.8310,-0.2659,-6.6517,0.6773,0.0039,0.7200,-0.4708,-0.7638,
14.416537,-1.1186,-0.9083,-0.0272,-6.6517,0.6773,0.0039,0.7200,-0.4708,-0.7638,
14.418254,-1.1186,-0.9083,-0.0272,-7.5561,-0.0406,2.1934,0.7200,-0.4708,-0.7638,
14.420257,-1.1186,-0.9083,-0.0272,-7.5561,-0.0406,2.1934,0.9662,-0.1494,-0.2445,
14.429983,-1.1186,-0.9083,-0.0272,-7.5561,-0.0406,2.1934,1.0578,0.2244,-0.0771,
14.436752,-0.9133,-0.8800,-0.2016,-7.5561,-0.0406,2.1934,1.0578,0.2244,-0.0771,
14.438663,-0.9133,-0.8800,-0.2016,-5.4313,0.2405,0.3064,1.0578,0.2244,-0.0771,
14.441219,-0.9133,-0.8800,-0.2016,-5.4313,0.2405,0.3064,1.0688,0.6343,0.0328,
14.449988,-0.9133,-0.8800,-0.2016,-5.4313,0.2405,0.3064,1.0456,0.9684,0.1018,
14.459291,-0.6949,-0.8581,-0.3924,-5.4313,0.2405,0.3064,1.0456,0.9684,0.1018,
14.461637,-0.6949,-0.8581,-0.3924,-3.1863,0.4416,-1.6786,1.0456,0.9684,0.1018,
14.463561,-0.6949,-0.8581,-0.3924,-3.1863,0.4416,-1.6786,1.1067,1.0595,0.0786,
14.469864,-0.6949,-0.8581,-0.3924,-3.1863,0.4416,-1.6786,1.2985,0.9373,-0.0637,
14.476474,-0.4327,-1.2583,-0.3148,-3.1863,0.4416,-1.6786,1.2985,0.9373,-0.0637,
14.478583,-0.4327,-1.2583,-0.3148,-0.5771,-3.4668,-1.0424,1.2985,0.9373,-0.0637,
14.480518,-0.4327,-1.2583,-0.3148,-0.5771,-3.4668,-1.0424,1.4738,0.7730,-0.2543,
14.492131,-0.4327,-1.2583,-0.3148,-0.5771,-3.4668,-1.0424,1.4762,0.6771,-0.3655,
14.496340,-0.3474,-1.4965,-0.6588,-0.5771,-3.4668,-1.0424,1.4762,0.6771,-0.3655,
14.498584,-0.3474,-1.4965,-0.6588,0.2051,-5.7425,-4.5803,1.4762,0.6771,-0.3655,
14.500640,-0.3474,-1.4965,-0.6588,0.2051,-5.7425,-4.5803,1.2710,0.6526,-0.2940,
14.509912,-0.3474,-1.4965,-0.6588,0.2051,-5.7425,-4.5803,0.8990,0.7479,-0.1260,
14.516414,-0.3208,-1.4071,-0.7785,0.2051,-5.7425,-4.5803,0.8990,0.7479,-0.1260,
14.518085,-0.3208,-1.4071,-0.7785,0.4079,-4.8286,-5.8232,0.8990,0.7479,-0.1260,
14.520283,-0.3208,-1.4071,-0.7785,0.4079,-4.8286,-5.8232,0.3706,1.0680,-0.0075,
14.529773,-0.3208,-1.4071,-0.7785,0.4079,-4.8286,-5.8232,-0.1590,1.3032,0.1251,
14.536568,-0.0417,-1.1944,0.0192,0.4079,-4.8286,-5.8232,-0.1590,1.3032,0.1251,
14.537997,-0.0417,-1.1944,0.0192,3.0936,-2.7429,2.0810,-0.1590,1.3032,0.1251,
14.539912,-0.0417,-1.1944,0.0192,3.0936,-2.7429,2.0810,-0.3173,1.0027,0.2552,
14.549765,-0.0417,-1.1944,0.0192,3.0936,-2.7429,2.0810,-0.1578,0.2605,0.1782,
14.558573,0.2274,-0.7670,-0.0911,3.0936,-2.7429,2.0810,-0.1578,0.2605,0.1782,
14.561007,0.2274,-0.7670,-0.0911,5.6801,1.4420,1.1080,-0.1578,0.2605,0.1782,
14.562925,0.2274,-0.7670,-0.0911,5.6801,1.4420,1.1080,0.0285,-0.4292,-0.0191,
14.569978,0.2274,-0.7670,-0.0911,5.6801,1.4420,1.1080,0.0413,-0.9442,-0.2512,
14.576307,0.2673,-0.4710,0.3422,5.6801,1.4420,1.1080,0.0413,-0.9442,-0.2512,
14.578691,0.2673,-0.4710,0.3422,5.9737,4.3969,5.2730,0.0413,-0.9442,-0.2512,
14.580407,0.2673,-0.4710,0.3422,5.9737,4.3969,5.2730,-0.0130,-1.1836,-0.5597,
14.592241,0.2673,-0.4710,0.3422,5.9737,4.3969,5.2730,0.1604,-0.8415,-0.8609,
14.596275,0.1020,-0.8564,0.8396,5.9737,4.3969,5.2730,0.1604,-0.8415,-0.8609,
14.597808,0.1020,-0.8564,0.8396,4.1569,0.7337,9.9329,0.1604,-0.8415,-0.8609,
14.599736,0.1020,-0.8564,0.8396,4.1569,0.7337,9.9329,0.5691,-0.1317,-1.1217,
14.609876,0.1020,-0.8564,0.8396,4.1569,0.7337,9.9329,0.8898,0.3319,-1.3661,
14.616455,-0.1281,-1.2634,0.5970,4.1569,0.7337,9.9329,0.8898,0.3319,-1.3661,
14.617870,-0.1281,-1.2634,0.5970,1.5863,-3.1028,7.2635,0.8898,0.3319,-1.3661,
14.619852,-0.1281,-1.2634,0.5970,1.5863,-3.1028,7.2635,1.0645,0.6484,-1.2848,
14.629826,-0.1281,-1.2634,0.5970,1.5863,-3.1028,7.2635,1.4964,1.2892,-1.0906,
14.636542,-0.2874,-1.1738,0.2442,1.5863,-3.1028,7.2635,1.4964,1.2892,-1.0906,
14.638204,-0.2874,-1.1738,0.2442,-0.2752,-2.0935,3.4757,1.4964,1.2892,-1.0906,
14.640537,-0.2874,-1.1738,0.2442,-0.2752,-2.0935,3.4757,1.8495,1.8670,-0.8688,
14.649822,-0.2874,-1.1738,0.2442,-0.2752,-2.0935,3.4757,1.6235,1.9183,-0.7723,
14.658453,-0.0826,-0.7990,-1.0120,-0.2752,-2.0935,3.4757,1.6235,1.9183,-0.7723,
14.661155,-0.0826,-0.7990,-1.0120,1.5025,1.6623,-9.0709,1.6235,1.9183,-0.7723,
14.662899,-0.0826,-0.7990,-1.0120,1.5025,1.6623,-9.0709,0.9136,1.4907,-0.8444,
14.669906,-0.0826,-0.7990,-1.0120,1.5025,1.6623,-9.0709,0.4726,0.8261,-0.9446,
14.676490,0.0423,-0.8331,0.0373,1.5025,1.6623,-9.0709,0.4726,0.8261,-0.9446,
14.679257,0.0423,-0.8331,0.0373,2.4884,1.3905,1.1242,0.4726,0.8261,-0.9446,
14.680936,0.0423,-0.8331,0.0373,2.4884,1.3905,1.1242,0.5172,0.1658,-0.9959,
14.691748,0.0423,-0.8331,0.0373,2.4884,1.3905,1.1242,0.6925,-0.2850,-1.0093,
14.696467,-0.0809,-0.9009,0.1482,2.4884,1.3905,1.1242,0.6925,-0.2850,-1.0093,
14.698173,-0.0809,-0.9009,0.1482,1.0546,0.7826,2.0715,0.6925,-0.2850,-1.0093,
14.699916,-0.0809,-0.9009,0.1482,1.0546,0.7826,2.0715,0.7701,-0.3333,-0.9770,
14.710019,-0.0809,-0.9009,0.1482,1.0546,0.7826,2.0715,0.7890,-0.0053,-0.8725,
14.716472,-0.2885,-0.9673,0.1628,1.0546,0.7826,2.0715,0.7890,-0.0053,-0.8725,
14.718186,-0.2885,-0.9673,0.1628,-1.1641,0.1747,2.0354,0.7890,-0.0053,-0.8725,
14.720367,-0.2885,-0.9673,0.1628,-1.1641,0.1747,2.0354,0.8373,0.4248,-0.7448,
14.730039,-0.2885,-0.9673,0.1628,-1.1641,0.1747,2.0354,0.9155,0.7827,-0.6495,
14.736598,-0.4500,-0.9532,0.0462,-1.1641,0.1747,2.0354,0.9155,0.7827,-0.6495,
14.738269,-0.4500,-0.9532,0.0462,-2.8675,0.3398,0.7224,0.9155,0.7827,-0.6495,
14.740882,-0.4500,-0.9532,0.0462,-2.8675,0.3398,0.7224,0.9802,1.0680,-0.5823,
14.750025,-0.4500,-0.9532,0.0462,-2.8675,0.3398,0.7224,1.0132,1.3044,-0.5145,
14.759517,-0.4479,-0.8509,-0.0975,-2.8675,0.3398,0.7224,1.0132,1.3044,-0.5145,
14.762661,-0.4479,-0.8509,-0.0975,-2.9061,1.3542,-0.8499,1.0132,1.3044,-0.5145,
14.765156,-0.4479,-0.8509,-0.0975,-2.9061,1.3542,-0.8499,1.0285,1.4266,-0.4345,
14.770099,-0.4479,-0.8509,-0.0975,-2.9061,1.3542,-0.8499,1.0407,1.4565,-0.3398,
14.776913,-0.2979,-0.8635,-0.1566,-2.9061,1.3542,-0.8499,1.0407,1.4565,-0.3398,
14.780009,-0.2979,-0.8635,-0.1566,-1.4508,1.2336,-1.5713,1.0407,1.4565,-0.3398,
14.782289,-0.2979,-0.8635,-0.1566,-1.4508,1.2336,-1.5713,1.0474,1.3838,-0.2488,
14.793131,-0.2979,-0.8635,-0.1566,-1.4508,1.2336,-1.5713,1.0474,1.0546,-0.1236,
14.796758,-0.1179,-0.9554,-0.0480,-1.4508,1.2336,-1.5713,1.0474,1.0546,-0.1236,
14.798816,-0.1179,-0.9554,-0.0480,0.3121,0.3319,-0.6565,1.0474,1.0546,-0.1236,
14.801129,-0.1179,-0.9554,-0.0480,0.3121,0.3319,-0.6565,1.0456,0.9807,-0.1150,
14.810265,-0.1179,-0.9554,-0.0480,0.3121,0.3319,-0.6565,1.0456,0.9367,-0.1236,
14.816862,-0.0197,-0.9830,0.0597,0.3121,0.3319,-0.6565,1.0456,0.9367,-0.1236,
14.818694,-0.0197,-0.9830,0.0597,1.2637,0.0584,0.2332,1.0456,0.9367,-0.1236,
14.821236,-0.0197,-0.9830,0.0597,1.2637,0.0584,0.2332,1.0602,0.8829,-0.1492,
14.830387,-0.0197,-0.9830,0.0597,1.2637,0.0584,0.2332,1.0835,0.7779,-0.2012,
14.836595,0.0463,-0.9504,0.1189,1.2637,0.0584,0.2332,1.0835,0.7779,-0.2012,
14.838978,0.0463,-0.9504,0.1189,1.8809,0.3741,0.6318,1.0835,0.7779,-0.2012,
14.841313,0.0463,-0.9504,0.1189,1.8809,0.3741,0.6318,1.1348,0.6600,-0.2897,
14.851875,0.0463,-0.9504,0.1189,1.8809,0.3741,0.6318,1.2020,0.6068,-0.3881,
14.866535,0.0420,-0.9538,0.0553,1.8809,0.3741,0.6318,1.2020,0.6068,-0.3881,
14.870903,0.0420,-0.9538,0.0553,1.7698,0.3375,-0.1907,1.2020,0.6068,-0.3881,
14.875667,0.0420,-0.9538,0.0553,1.7698,0.3375,-0.1907,1.2411,0.6001,-0.4968,
14.894233,-0.0257,-0.9284,-0.0335,1.7698,0.3375,-0.1907,1.2411,0.6001,-0.4968,
14.896916,-0.0257,-0.9284,-0.0335,1.0333,0.5860,-1.1882,1.2411,0.6001,-0.4968,
14.898766,-0.0257,-0.9284,-0.0335,1.0333,0.5860,-1.1882,1.1983,0.8163,-0.7833,
14.900552,-0.0257,-0.9284,-0.0335,1.0333,0.5860,-1.1882,1.1983,0.8163,-0.7833,
14.902939,-0.1333,-0.9661,-0.0508,1.0333,0.5860,-1.1882,1.1983,0.8163,-0.7833,
14.905257,-0.1333,-0.9661,-0.0508,-0.2250,0.2131,-1.6300,1.1983,0.8163,-0.7833,
14.907178,-0.1333,-0.9661,-0.0508,-0.2250,0.2131,-1.6300,1.1464,0.8426,-0.8419,
14.919879,-0.1333,-0.9661,-0.0508,-0.2250,0.2131,-1.6300,1.1061,0.8829,-0.8493,
14.930618,-0.2295,-1.0206,0.0304,-0.2250,0.2131,-1.6300,1.1061,0.8829,-0.8493,
14.932979,-0.2295,-1.0206,0.0304,-1.3537,-0.3319,-1.0666,1.1061,0.8829,-0.8493,
14.934579,-0.2295,-1.0206,0.0304,-1.3537,-0.3319,-1.0666,1.1452,0.8756,-0.8365,
14.939607,-0.2295,-1.0206,0.0304,-1.3537,-0.3319,-1.0666,1.1897,0.8115,-0.8255,
14.945907,-0.2966,-0.9631,-0.1663,-1.3537,-0.3319,-1.0666,1.1897,0.8115,-0.8255,
14.947957,-0.2966,-0.9631,-0.1663,-2.1069,0.2210,-3.1243,1.1897,0.8115,-0.8255,
14.949423,-0.2966,-0.9631,-0.1663,-2.1069,0.2210,-3.1243,1.2014,0.7039,-0.8212,
14.959416,-0.2966,-0.9631,-0.1663,-2.1069,0.2210,-3.1243,1.1048,0.5860,-0.8035,
14.965848,-0.4378,-0.9941,-0.2246,-2.1069,0.2210,-3.1243,1.1048,0.5860,-0.8035,
14.967003,-0.4378,-0.9941,-0.2246,-3.5542,-0.0953,-3.8047,1.1048,0.5860,-0.8035,
14.969296,-0.4378,-0.9941,-0.2246,-3.5542,-0.0953,-3.8047,0.8770,0.4712,-0.6740,
14.979269,-0.4378,-0.9941,-0.2246,-3.5542,-0.0953,-3.8047,0.4042,0.4321,-0.5799,
14.985765,-0.4862,-1.0676,0.1235,-3.5542,-0.0953,-3.8047,0.4042,0.4321,-0.5799,
14.986799,-0.4862,-1.0676,0.1235,-4.0375,-0.8214,-0.4293,0.4042,0.4321,-0.5799,
14.991844,-0.4862,-1.0676,0.1235,-4.0375,-0.8214,-0.4293,0.3089,0.5231,-0.5011,
14.999310,-0.4862,-1.0676,0.1235,-4.0375,-0.8214,-0.4293,0.3413,0.5787,-0.4345,
15.006027,-0.4344,-1.0577,0.2167,-4.0375,-0.8214,-0.4293,0.3413,0.5787,-0.4345,
15.007311,-0.4344,-1.0577,0.2167,-3.4967,-0.7273,0.4825,0.3413,0.5787,-0.4345,
15.009909,-0.4344,-1.0577,0.2167,-3.4967,-0.7273,0.4825,0.4256,0.5598,-0.3539,
15.019269,-0.4344,-1.0577,0.2167,-3.4967,-0.7273,0.4825,0.4365,0.5201,-0.2384,
15.025899,-0.2580,-1.0633,-0.0649,-3.4967,-0.7273,0.4825,0.4365,0.5201,-0.2384,
15.027364,-0.2580,-1.0633,-0.0649,-1.7146,-0.7884,-2.2867,0.4365,0.5201,-0.2384,
15.029329,-0.2580,-1.0633,-0.0649,-1.7146,-0.7884,-2.2867,0.3345,0.4627,-0.1382,
15.039420,-0.2580,-1.0633,-0.0649,-1.7146,-0.7884,-2.2867,0.1641,0.3838,-0.1126,
15.045741,-0.0905,-1.0411,-0.0171,-1.7146,-0.7884,-2.2867,0.1641,0.3838,-0.1126,
15.046944,-0.0905,-1.0411,-0.0171,-0.0177,-0.5709,-1.7923,0.1641,0.3838,-0.1126,
15.049289,-0.0905,-1.0411,-0.0171,-0.0177,-0.5709,-1.7923,0.0120,0.3118,-0.1504,
15.059358,-0.0905,-1.0411,-0.0171,-0.0177,-0.5709,-1.7923,-0.0864,0.2605,-0.2066,
15.065875,-0.3064,-1.0449,0.0221,-0.0177,-0.5709,-1.7923,-0.0864,0.2605,-0.2066,
15.066855,-0.3064,-1.0449,0.0221,-2.0897,-0.5998,-1.3338,-0.0864,0.2605,-0.2066,
15.069488,-0.3064,-1.0449,0.0221,-2.0897,-0.5998,-1.3338,-0.1725,0.2598,-0.2360,
15.079312,-0.3064,-1.0449,0.0221,-2.0897,-0.5998,-1.3338,-0.2714,0.3331,-0.1957,
15.086031,-0.5276,-1.1540,-0.0027,-2.0897,-0.5998,-1.3338,-0.2714,0.3331,-0.1957,
15.086991,-0.5276,-1.1540,-0.0027,-4.2016,-1.6577,-1.4703,-0.2714,0.3331,-0.1957,
15.089858,-0.5276,-1.1540,-0.0027,-4.2016,-1.6577,-1.4703,-0.3716,0.4162,-0.0839,
15.099260,-0.5276,-1.1540,-0.0027,-4.2016,-1.6577,-1.4703,-0.4663,0.4455,0.0664,
15.106601,-0.4842,-1.0877,-0.0674,-4.2016,-1.6577,-1.4703,-0.4663,0.4455,0.0664,
15.107661,-0.4842,-1.0877,-0.0674,-3.6692,-0.9980,-1.9560,-0.4663,0.4455,0.0664,
15.110167,-0.4842,-1.0877,-0.0674,-3.6692,-0.9980,-1.9560,-0.5952,0.4553,0.2246,
15.119446,-0.4842,-1.0877,-0.0674,-3.6692,-0.9980,-1.9560,-0.7986,0.5140,0.3779,
15.126553,-0.3446,-1.0051,-0.0677,-3.6692,-0.9980,-1.9560,-0.7986,0.5140,0.3779,
15.128190,-0.3446,-1.0051,-0.0677,-2.1418,-0.1827,-1.7558,-0.7986,0.5140,0.3779,
15.129728,-0.3446,-1.0051,-0.0677,-2.1418,-0.1827,-1.7558,-1.0515,0.6429,0.5191,
15.139331,-0.3446,-1.0051,-0.0677,-2.1418,-0.1827,-1.7558,-1.3026,0.7571,0.6608,
15.145694,-0.2194,-0.9751,-0.1063,-2.1418,-0.1827,-1.7558,-1.3026,0.7571,0.6608,
15.146727,-0.2194,-0.9751,-0.1063,-0.7196,0.1128,-1.8354,-1.3026,0.7571,0.6608,
15.149313,-0.2194,-0.9751,-0.1063,-0.7196,0.1128,-1.8354,-1.4981,0.7571,0.8141,
15.159747,-0.2194,-0.9751,-0.1063,-0.7196,0.1128,-1.8354,-1.7980,0.5524,1.1079,
15.165755,-0.1408,-1.0574,-0.0774,-0.7196,0.1128,-1.8354,-1.7980,0.5524,1.1079,
15.166600,-0.1408,-1.0574,-0.0774,0.2783,-0.7057,-1.1754,-1.7980,0.5524,1.1079,
15.169298,-0.1408,-1.0574,-0.0774,0.2783,-0.7057,-1.1754,-1.9391,0.5445,1.2454,
15.179313,-0.1408,-1.0574,-0.0774,0.2783,-0.7057,-1.1754,-2.0521,0.5243,1.3987,
15.186134,-0.1440,-1.2636,0.0162,0.2783,-0.7057,-1.1754,-2.0521,0.5243,1.3987,
15.187057,-0.1440,-1.2636,0.0162,0.5025,-2.7647,0.1443,-2.0521,0.5243,1.3987,
15.189655,-0.1440,-1.2636,0.0162,0.5025,-2.7647,0.1443,-2.0985,0.4284,1.5459,
15.199348,-0.1440,-1.2636,0.0162,0.5025,-2.7647,0.1443,-2.0564,0.2776,1.6437,
15.209373,-0.0092,-1.3977,0.1970,0.5025,-2.7647,0.1443,-2.0564,0.2776,1.6437,
15.213148,-0.0092,-1.3977,0.1970,2.1082,-4.1477,2.3121,-2.0564,0.2776,1.6437,
15.214975,-0.0092,-1.3977,0.1970,2.1082,-4.1477,2.3121,-1.9550,0.0980,1.6705,
15.219250,-0.0092,-1.3977,0.1970,2.1082,-4.1477,2.3121,-1.8414,-0.0987,1.6394,
77.878016,-0.2014,0.3933,0.8773,2.1082,-4.1477,2.3121,-1.8414,-0.0987,1.6394,
77.879095,-0.0530,0.4234,1.4867,2.1082,-4.1477,2.3121,-1.8414,-0.0987,1.6394,
77.900473,-0.0547,0.3456,0.6353,2.1082,-4.1477,2.3121,-1.8414,-0.0987,1.6394,
77.918352,-0.0292,0.4336,0.8018,2.1082,-4.1477,2.3121,-1.8414,-0.0987,1.6394,
77.919594,-0.0292,0.4336,0.8018,0.0278,-0.4131,-0.7637,-1.8414,-0.0987,1.6394,
77.936391,-0.0465,0.5228,1.0240,0.0278,-0.4131,-0.7637,-1.8414,-0.0987,1.6394,
77.937965,-0.0465,0.5228,1.0240,-0.0595,0.6679,1.3083,-1.8414,-0.0987,1.6394,
77.942272,-0.0465,0.5228,1.0240,-0.0595,0.6679,1.3083,0.3816,0.6606,-0.5109,
77.952232,-0.0465,0.5228,1.0240,-0.0595,0.6679,1.3083,0.4372,0.6575,-0.5915,
77.957944,-0.1179,0.5593,0.8159,-0.0595,0.6679,1.3083,0.4372,0.6575,-0.5915,
77.959460,-0.1179,0.5593,0.8159,0.0052,-0.0247,-0.0361,0.4372,0.6575,-0.5915,
77.962267,-0.1179,0.5593,0.8159,0.0052,-0.0247,-0.0361,0.5276,0.2336,-0.4919,
77.972257,-0.1179,0.5593,0.8159,0.0052,-0.0247,-0.0361,0.1763,-0.8794,-0.3429,
77.976019,-0.1706,0.6240,0.5684,0.0052,-0.0247,-0.0361,0.1763,-0.8794,-0.3429,
77.977082,-0.1706,0.6240,0.5684,0.2711,-0.9911,-0.9029,0.1763,-0.8794,-0.3429,
78.001822,-0.1706,0.6240,0.5684,0.2711,-0.9911,-0.9029,-0.1603,-1.2716,-0.1926,
78.003252,-0.1706,0.6240,0.5684,0.2711,-0.9911,-0.9029,-0.4975,-1.4280,-0.0930,
78.004186,-0.0906,0.6397,0.6640,0.2711,-0.9911,-0.9029,-0.4975,-1.4280,-0.0930,
78.005098,-0.0906,0.6397,0.6640,0.0711,-0.5020,-0.5211,-0.4975,-1.4280,-0.0930,
78.005898,-0.0906,0.6397,0.6640,0.0711,-0.5020,-0.5211,-0.7803,-1.2276,-0.0704,
78.013613,-0.0906,0.6397,0.6640,0.0711,-0.5020,-0.5211,-0.9385,-0.7951,-0.0943,
78.017117,0.0384,0.4874,0.9657,0.0711,-0.5020,-0.5211,-0.9385,-0.7951,-0.0943,
78.018601,0.0384,0.4874,0.9657,0.0284,0.3608,0.7149,-0.9385,-0.7951,-0.0943,
78.022501,0.0384,0.4874,0.9657,0.0284,0.3608,0.7149,-0.9177,-0.2686,-0.1193,
78.032162,0.0384,0.4874,0.9657,0.0284,0.3608,0.7149,-0.7162,0.2507,-0.1340,
78.035890,0.0448,0.3932,1.1736,0.0284,0.3608,0.7149,-0.7162,0.2507,-0.1340,
78.036794,0.0448,0.3932,1.1736,0.0844,0.7402,2.2092,-0.7162,0.2507,-0.1340,
78.042899,0.0448,0.3932,1.1736,0.0844,0.7402,2.2092,-0.4034,0.7278,-0.1211,
78.052246,0.0448,0.3932,1.1736,0.0844,0.7402,2.2092,-0.1212,1.0149,-0.0680,
78.057010,-0.1052,0.4547,1.0875,0.0844,0.7402,2.2092,-0.1212,1.0149,-0.0680,
78.058503,-0.1052,0.4547,1.0875,-0.1592,0.6880,1.6458,-0.1212,1.0149,-0.0680,
78.062179,-0.1052,0.4547,1.0875,-0.1592,0.6880,1.6458,0.0053,1.0485,0.0243,
78.074294,-0.1052,0.4547,1.0875,-0.1592,0.6880,1.6458,-0.0442,0.8841,0.1635,
78.075932,-0.2487,0.4972,0.8018,-0.1592,0.6880,1.6458,-0.0442,0.8841,0.1635,
78.076986,-0.2487,0.4972,0.8018,0.0625,-0.1249,-0.2014,-0.0442,0.8841,0.1635,
78.083861,-0.2487,0.4972,0.8018,0.0625,-0.1249,-0.2014,-0.2269,0.6080,0.3303,
78.093372,-0.2487,0.4972,0.8018,0.0625,-0.1249,-0.2014,-0.4596,0.3509,0.4671,
78.095848,-0.0986,0.5827,0.7887,0.0625,-0.1249,-0.2014,-0.4596,0.3509,0.4671,
78.096764,-0.0986,0.5827,0.7887,0.0148,-0.0876,-0.1185,-0.4596,0.3509,0.4671,
78.102264,-0.0986,0.5827,0.7887,0.0148,-0.0876,-0.1185,-0.6679,0.2629,0.5423,
78.112330,-0.0986,0.5827,0.7887,0.0148,-0.0876,-0.1185,-0.8176,0.3105,0.5429,
78.115738,-0.0001,0.6467,0.8443,0.0148,-0.0876,-0.1185,-0.8176,0.3105,0.5429,
78.116996,-0.0001,0.6467,0.8443,-0.0001,0.3745,0.4889,-0.8176,0.3105,0.5429,
78.122251,-0.0001,0.6467,0.8443,-0.0001,0.3745,0.4889,-0.9165,0.4071,0.4873,
78.132191,-0.0001,0.6467,0.8443,-0.0001,0.3745,0.4889,-0.9917,0.5195,0.4244,
78.138665,-0.0898,0.5614,0.8739,-0.0001,0.3745,0.4889,-0.9917,0.5195,0.4244,
78.140016,-0.0898,0.5614,0.8739,-0.0353,0.2210,0.3440,-0.9917,0.5195,0.4244,
78.142207,-0.0898,0.5614,0.8739,-0.0353,0.2210,0.3440,-1.0692,0.7064,0.4305,
78.163802,-0.0898,0.5614,0.8739,-0.0353,0.2210,0.3440,-1.1945,0.9532,0.6534,
78.165362,-0.1950,0.4371,0.9215,-0.0353,0.2210,0.3440,-1.1945,0.9532,0.6534,
78.166238,-0.1950,0.4371,0.9215,-0.0694,0.1555,0.3279,-1.1945,0.9532,0.6534,
78.167322,-0.1950,0.4371,0.9215,-0.0694,0.1555,0.3279,-1.2568,0.7980,0.7066,
78.172192,-0.1950,0.4371,0.9215,-0.0694,0.1555,0.3279,-1.2983,0.5598,0.6822,
78.175806,-0.2323,0.3280,1.1359,-0.0694,0.1555,0.3279,-1.2983,0.5598,0.6822,
78.176830,-0.2323,0.3280,1.1359,-0.3859,0.5448,1.8869,-1.2983,0.5598,0.6822,
78.182087,-0.2323,0.3280,1.1359,-0.3859,0.5448,1.8869,-1.1682,0.2904,0.6027,
78.192197,-0.2323,0.3280,1.1359,-0.3859,0.5448,1.8869,-0.8982,0.0552,0.5490,
78.195739,-0.2452,0.3886,1.2538,-0.3859,0.5448,1.8869,-0.8982,0.0552,0.5490,
78.196716,-0.2452,0.3886,1.2538,-0.6021,0.9543,3.0792,-0.8982,0.0552,0.5490,
78.203022,-0.2452,0.3886,1.2538,-0.6021,0.9543,3.0792,-0.6086,-0.0548,0.5435,
78.212133,-0.2452,0.3886,1.2538,-0.6021,0.9543,3.0792,-0.3783,0.0240,0.5893,
78.215641,-0.1742,0.4097,1.0889,-0.6021,0.9543,3.0792,-0.3783,0.0240,0.5893,
78.216569,-0.1742,0.4097,1.0889,-0.2550,0.5996,1.5937,-0.3783,0.0240,0.5893,
78.222894,-0.1742,0.4097,1.0889,-0.2550,0.5996,1.5937,-0.2214,0.2324,0.6687,
78.232327,-0.1742,0.4097,1.0889,-0.2550,0.5996,1.5937,-0.0961,0.4382,0.7353,
78.236087,-0.0996,0.4044,1.0212,-0.2550,0.5996,1.5937,-0.0961,0.4382,0.7353,
78.237506,-0.0996,0.4044,1.0212,-0.0904,0.3673,0.9274,-0.0961,0.4382,0.7353,
78.242244,-0.0996,0.4044,1.0212,-0.0904,0.3673,0.9274,0.0334,0.5732,0.7628,
78.252411,-0.0996,0.4044,1.0212,-0.0904,0.3673,0.9274,0.1782,0.6025,0.7573,
78.255936,-0.0967,0.4457,1.0203,-0.0904,0.3673,0.9274,0.1782,0.6025,0.7573,
78.257179,-0.0967,0.4457,1.0203,-0.0992,0.4572,1.0465,0.1782,0.6025,0.7573,
78.262223,-0.0967,0.4457,1.0203,-0.0992,0.4572,1.0465,0.3070,0.4920,0.7316,
78.272638,-0.0967,0.4457,1.0203,-0.0992,0.4572,1.0465,0.3950,0.2928,0.6956,
78.276013,-0.0833,0.4642,0.8448,-0.0992,0.4572,1.0465,0.3950,0.2928,0.6956,
78.277233,-0.0833,0.4642,0.8448,0.0280,-0.1559,-0.2837,0.3950,0.2928,0.6956,
78.282329,-0.0833,0.4642,0.8448,0.0280,-0.1559,-0.2837,0.3962,0.1206,0.6522,
78.292301,-0.0833,0.4642,0.8448,0.0280,-0.1559,-0.2837,0.3241,-0.0774,0.5875,
78.295781,-0.0964,0.4584,0.7769,0.0280,-0.1559,-0.2837,0.3241,-0.0774,0.5875,
78.296740,-0.0964,0.4584,0.7769,0.0973,-0.4629,-0.7845,0.3241,-0.0774,0.5875,
78.302425,-0.0964,0.4584,0.7769,0.0973,-0.4629,-0.7845,0.1959,-0.3981,0.4977,
78.312440,-0.0964,0.4584,0.7769,0.0973,-0.4629,-0.7845,0.0102,-0.6931,0.4115,
78.315826,-0.1455,0.4608,0.7704,0.0973,-0.4629,-0.7845,0.0102,-0.6931,0.4115,
78.316727,-0.1455,0.4608,0.7704,0.1431,-0.4532,-0.7578,0.0102,-0.6931,0.4115,
78.322207,-0.1455,0.4608,0.7704,0.1431,-0.4532,-0.7578,-0.1884,-0.8550,0.3657,
78.332719,-0.1455,0.4608,0.7704,0.1431,-0.4532,-0.7578,-0.4297,-0.7041,0.4433,
78.336179,-0.1333,0.4591,0.8150,0.1431,-0.4532,-0.7578,-0.4297,-0.7041,0.4433,
78.337579,-0.1333,0.4591,0.8150,0.0772,-0.2658,-0.4720,-0.4297,-0.7041,0.4433,
78.342501,-0.1333,0.4591,0.8150,0.0772,-0.2658,-0.4720,-0.4993,-0.2649,0.5301,
78.352533,-0.1333,0.4591,0.8150,0.0772,-0.2658,-0.4720,-0.4865,0.2122,0.6180,
78.355854,-0.0746,0.4259,1.0028,0.0772,-0.2658,-0.4720,-0.4865,0.2122,0.6180,
78.358703,-0.0746,0.4259,1.0028,-0.0612,0.3492,0.8220,-0.4865,0.2122,0.6180,
78.362167,-0.0746,0.4259,1.0028,-0.0612,0.3492,0.8220,-0.3142,0.3435,0.6864,
78.372355,-0.0746,0.4259,1.0028,-0.0612,0.3492,0.8220,-0.0405,0.1633,0.7329,
78.375928,-0.1091,0.3877,1.1206,-0.0612,0.3492,0.8220,-0.0405,0.1633,0.7329,
78.377062,-0.1091,0.3877,1.1206,-0.1707,0.6067,1.7535,-0.0405,0.1633,0.7329,
78.382309,-0.1091,0.3877,1.1206,-0.1707,0.6067,1.7535,0.2331,-0.0822,0.7506,
78.392143,-0.1091,0.3877,1.1206,-0.1707,0.6067,1.7535,0.4628,-0.3156,0.7194,
78.395711,-0.0803,0.3947,1.0582,-0.1707,0.6067,1.7535,0.4628,-0.3156,0.7194,
78.396572,-0.0803,0.3947,1.0582,-0.0914,0.4495,1.2052,0.4628,-0.3156,0.7194,
78.402174,-0.0803,0.3947,1.0582,-0.0914,0.4495,1.2052,0.6229,-0.5111,0.6247,
78.412163,-0.0803,0.3947,1.0582,-0.0914,0.4495,1.2052,0.6864,-0.6552,0.4708,
78.415900,-0.0268,0.3957,0.9627,-0.0914,0.4495,1.2052,0.6864,-0.6552,0.4708,
78.416837,-0.0268,0.3957,0.9627,-0.0102,0.1508,0.3669,0.6864,-0.6552,0.4708,
78.422280,-0.0268,0.3957,0.9627,-0.0102,0.1508,0.3669,0.6742,-0.6778,0.2894,
78.432199,-0.0268,0.3957,0.9627,-0.0102,0.1508,0.3669,0.6259,-0.5086,0.1171,
78.435988,0.0158,0.4036,0.9287,-0.0102,0.1508,0.3669,0.6259,-0.5086,0.1171,
78.437258,0.0158,0.4036,0.9287,0.0019,0.0472,0.1085,0.6259,-0.5086,0.1171,
78.442252,0.0158,0.4036,0.9287,0.0019,0.0472,0.1085,0.5606,-0.1739,-0.0142,
78.452257,0.0158,0.4036,0.9287,0.0019,0.0472,0.1085,0.4842,0.1584,-0.0839,
78.456574,-0.1048,0.4720,0.8366,0.0019,0.0472,0.1085,0.4842,0.1584,-0.0839,
78.457745,-0.1048,0.4720,0.8366,0.0366,-0.1646,-0.2918,0.4842,0.1584,-0.0839,
78.462278,-0.1048,0.4720,0.8366,0.0366,-0.1646,-0.2918,0.3834,0.4010,-0.0680,
78.473479,-0.1048,0.4720,0.8366,0.0366,-0.1646,-0.2918,0.2508,0.5189,0.0304,
78.476017,-0.1286,0.4940,0.9375,0.0366,-0.1646,-0.2918,0.2508,0.5189,0.0304,
78.477066,-0.1286,0.4940,0.9375,-0.0789,0.3030,0.5750,0.2508,0.5189,0.0304,
78.482138,-0.1286,0.4940,0.9375,-0.0789,0.3030,0.5750,0.1000,0.5219,0.1641,
78.492276,-0.1286,0.4940,0.9375,-0.0789,0.3030,0.5750,-0.0021,0.4468,0.2558,
78.495989,-0.0539,0.4330,1.0373,-0.0789,0.3030,0.5750,-0.0021,0.4468,0.2558,
78.497408,-0.0539,0.4330,1.0373,-0.0585,0.4702,1.1264,-0.0021,0.4468,0.2558,
78.502273,-0.0539,0.4330,1.0373,-0.0585,0.4702,1.1264,-0.0216,0.3197,0.2778,
78.512180,-0.0539,0.4330,1.0373,-0.0585,0.4702,1.1264,0.0309,0.1902,0.2362,
78.515830,-0.0462,0.3872,1.0228,-0.0585,0.4702,1.1264,0.0309,0.1902,0.2362,
78.516822,-0.0462,0.3872,1.0228,-0.0388,0.3256,0.8601,0.0309,0.1902,0.2362,
78.522369,-0.0462,0.3872,1.0228,-0.0388,0.3256,0.8601,0.1439,0.0008,0.0719,
78.532166,-0.0462,0.3872,1.0228,-0.0388,0.3256,0.8601,0.1409,-0.0480,-0.0106,
78.535942,-0.0373,0.4250,0.9622,-0.0388,0.3256,0.8601,0.1409,-0.0480,-0.0106,
78.537318,-0.0373,0.4250,0.9622,-0.0180,0.2052,0.4645,0.1409,-0.0480,-0.0106,
78.542355,-0.0373,0.4250,0.9622,-0.0180,0.2052,0.4645,0.0994,-0.0737,-0.0704,
78.552415,-0.0373,0.4250,0.9622,-0.0180,0.2052,0.4645,0.0303,-0.0774,-0.0686,
78.556133,-0.0746,0.4856,0.9218,-0.0180,0.2052,0.4645,0.0303,-0.0774,-0.0686,
78.557342,-0.0746,0.4856,0.9218,-0.0307,0.1997,0.3790,0.0303,-0.0774,-0.0686,
78.562208,-0.0746,0.4856,0.9218,-0.0307,0.1997,0.3790,-0.0277,-0.0737,-0.0118,
78.572245,-0.0746,0.4856,0.9218,-0.0307,0.1997,0.3790,-0.0619,-0.0419,0.0536,
78.575926,-0.0668,0.4996,0.9308,-0.0307,0.1997,0.3790,-0.0619,-0.0419,0.0536,
78.577043,-0.0668,0.4996,0.9308,-0.0358,0.2675,0.4985,-0.0619,-0.0419,0.0536,
78.582229,-0.0668,0.4996,0.9308,-0.0358,0.2675,0.4985,-0.0796,0.0161,0.0963,
78.592376,-0.0668,0.4996,0.9308,-0.0358,0.2675,0.4985,-0.0662,0.0827,0.1110,
78.596146,-0.0503,0.4649,0.9536,-0.0358,0.2675,0.4985,-0.0662,0.0827,0.1110,
78.597122,-0.0503,0.4649,0.9536,-0.0285,0.2636,0.5407,-0.0662,0.0827,0.1110,
78.602782,-0.0503,0.4649,0.9536,-0.0285,0.2636,0.5407,-0.0124,0.1603,0.1086,
78.612284,-0.0503,0.4649,0.9536,-0.0285,0.2636,0.5407,0.0603,0.2550,0.1092,
78.615886,-0.0445,0.4505,0.9510,-0.0285,0.2636,0.5407,0.0603,0.2550,0.1092,
78.616933,-0.0445,0.4505,0.9510,-0.0217,0.2202,0.4649,0.0603,0.2550,0.1092,
78.625325,-0.0445,0.4505,0.9510,-0.0217,0.2202,0.4649,0.1250,0.3252,0.1067,
78.632337,-0.0445,0.4505,0.9510,-0.0217,0.2202,0.4649,0.1549,0.3301,0.0841,
78.636203,-0.0640,0.4818,0.8148,-0.0217,0.2202,0.4649,0.1549,0.3301,0.0841,
78.637411,-0.0640,0.4818,0.8148,0.0344,-0.2587,-0.4374,0.1549,0.3301,0.0841,
78.642352,-0.0640,0.4818,0.8148,0.0344,-0.2587,-0.4374,0.1183,0.2959,0.0615,
78.652305,-0.0640,0.4818,0.8148,0.0344,-0.2587,-0.4374,0.0163,0.2831,0.0487,
78.655885,-0.1162,0.4869,0.8590,0.0344,-0.2587,-0.4374,0.0163,0.2831,0.0487,
78.657309,-0.1162,0.4869,0.8590,0.0074,-0.0311,-0.0549,0.0163,0.2831,0.0487,
78.662269,-0.1162,0.4869,0.8590,0.0074,-0.0311,-0.0549,-0.0992,0.3167,0.0615,
78.672304,-0.1162,0.4869,0.8590,0.0074,-0.0311,-0.0549,-0.1725,0.3057,0.1104,
78.676107,-0.1158,0.4814,0.9280,0.0074,-0.0311,-0.0549,-0.1725,0.3057,0.1104,
78.677094,-0.1158,0.4814,0.9280,-0.0552,0.2294,0.4422,-0.1725,0.3057,0.1104,
78.682255,-0.1158,0.4814,0.9280,-0.0552,0.2294,0.4422,-0.1884,0.2330,0.1721,
78.699809,-0.1158,0.4814,0.9280,-0.0552,0.2294,0.4422,-0.1401,0.1371,0.2210,
78.700858,-0.0470,0.4748,0.9359,-0.0552,0.2294,0.4422,-0.1401,0.1371,0.2210,
78.701947,-0.0470,0.4748,0.9359,-0.0219,0.2208,0.4353,-0.1401,0.1371,0.2210,
78.702966,-0.0470,0.4748,0.9359,-0.0219,0.2208,0.4353,0.0621,-0.0321,0.1745,
78.712289,-0.0470,0.4748,0.9359,-0.0219,0.2208,0.4353,0.1067,-0.1183,0.0817,
78.715679,-0.0053,0.5360,0.8710,-0.0219,0.2208,0.4353,0.1067,-0.1183,0.0817,
78.716570,-0.0053,0.5360,0.8710,-0.0011,0.1130,0.1837,0.1067,-0.1183,0.0817,
78.735191,-0.0053,0.5360,0.8710,-0.0011,0.1130,0.1837,0.1079,-0.1488,-0.0240,
78.737083,-0.0053,0.5360,0.8710,-0.0011,0.1130,0.1837,0.0920,-0.0816,-0.1120,
78.738403,-0.0279,0.5452,0.8955,-0.0011,0.1130,0.1837,0.0920,-0.0816,-0.1120,
78.739753,-0.0279,0.5452,0.8955,-0.0125,0.2450,0.4024,0.0920,-0.0816,-0.1120,
78.754482,-0.0279,0.5452,0.8955,-0.0125,0.2450,0.4024,0.1030,0.0638,-0.1712,
78.758035,-0.0279,0.5452,0.8955,-0.0125,0.2450,0.4024,0.1415,0.2116,-0.2012,
78.759312,-0.0911,0.5444,0.9407,-0.0125,0.2450,0.4024,0.1415,0.2116,-0.2012,
78.761211,-0.0911,0.5444,0.9407,-0.0737,0.4404,0.7609,0.1415,0.2116,-0.2012,
78.763776,-0.0911,0.5444,0.9407,-0.0737,0.4404,0.7609,0.1885,0.3136,-0.2012,
78.774371,-0.0911,0.5444,0.9407,-0.0737,0.4404,0.7609,0.2240,0.3582,-0.1669,
78.777544,-0.1681,0.5058,0.9190,-0.0737,0.4404,0.7609,0.2240,0.3582,-0.1669,
78.779018,-0.1681,0.5058,0.9190,-0.0956,0.2878,0.5229,0.2240,0.3582,-0.1669,
78.782332,-0.1681,0.5058,0.9190,-0.0956,0.2878,0.5229,0.2276,0.3503,-0.0979,
78.792287,-0.1681,0.5058,0.9190,-0.0956,0.2878,0.5229,0.1977,0.3533,-0.0154,
78.795938,-0.1686,0.4787,0.9055,-0.0956,0.2878,0.5229,0.1977,0.3533,-0.0154,
78.797112,-0.1686,0.4787,0.9055,-0.0595,0.1689,0.3195,0.1977,0.3533,-0.0154,
78.802303,-0.1686,0.4787,0.9055,-0.0595,0.1689,0.3195,0.1782,0.3655,0.0328,
78.812379,-0.1686,0.4787,0.9055,-0.0595,0.1689,0.3195,0.2111,0.3564,0.0218,
78.815906,-0.0881,0.4451,1.0191,-0.0595,0.1689,0.3195,0.2111,0.3564,0.0218,
78.816910,-0.0881,0.4451,1.0191,-0.0889,0.4493,1.0286,0.2111,0.3564,0.0218,
78.822792,-0.0881,0.4451,1.0191,-0.0889,0.4493,1.0286,0.3070,0.2861,-0.0185,
78.832354,-0.0881,0.4451,1.0191,-0.0889,0.4493,1.0286,0.4414,0.1749,-0.0350,
78.836031,-0.1659,0.4935,0.9719,-0.0889,0.4493,1.0286,0.4414,0.1749,-0.0350,
78.838334,-0.1659,0.4935,0.9719,-0.1502,0.4467,0.8798,0.4414,0.1749,-0.0350,
78.842866,-0.1659,0.4935,0.9719,-0.1502,0.4467,0.8798,0.5618,0.1047,0.0047,
78.852440,-0.1659,0.4935,0.9719,-0.1502,0.4467,0.8798,0.6210,0.1120,0.0805,
78.858747,-0.1642,0.5233,0.8672,-0.1502,0.4467,0.8798,0.6210,0.1120,0.0805,
78.861004,-0.1642,0.5233,0.8672,-0.0398,0.1268,0.2101,0.6210,0.1120,0.0805,
78.864111,-0.1642,0.5233,0.8672,-0.0398,0.1268,0.2101,0.6051,0.1945,0.1641,
78.874319,-0.1642,0.5233,0.8672,-0.0398,0.1268,0.2101,0.5337,0.2898,0.2258,
78.876592,-0.1038,0.5073,0.9085,-0.0398,0.1268,0.2101,0.5337,0.2898,0.2258,
78.877833,-0.1038,0.5073,0.9085,-0.0438,0.2139,0.3830,0.5337,0.2898,0.2258,
78.882231,-0.1038,0.5073,0.9085,-0.0438,0.2139,0.3830,0.4585,0.3222,0.2448,
78.892254,-0.1038,0.5073,0.9085,-0.0438,0.2139,0.3830,0.4781,0.1737,0.2008,
78.896125,-0.0789,0.4950,0.9600,-0.0438,0.2139,0.3830,0.4781,0.1737,0.2008,
78.897459,-0.0789,0.4950,0.9600,-0.0588,0.3686,0.7149,0.4781,0.1737,0.2008,
78.902382,-0.0789,0.4950,0.9600,-0.0588,0.3686,0.7149,0.5520,0.0925,0.1825,
78.912229,-0.0789,0.4950,0.9600,-0.0588,0.3686,0.7149,0.5929,0.0754,0.1788,
78.915883,-0.0705,0.5140,0.9016,-0.0588,0.3686,0.7149,0.5929,0.0754,0.1788,
78.916803,-0.0705,0.5140,0.9016,-0.0263,0.1915,0.3360,0.5929,0.0754,0.1788,
78.922541,-0.0705,0.5140,0.9016,-0.0263,0.1915,0.3360,0.5502,0.0906,0.1635,
78.932423,-0.0705,0.5140,0.9016,-0.0263,0.1915,0.3360,0.4408,0.0796,0.1312,
78.935984,-0.0763,0.5735,0.7868,-0.0263,0.1915,0.3360,0.4408,0.0796,0.1312,
78.937473,-0.0763,0.5735,0.7868,-0.0835,0.6873,-0.7389,0.4408,0.0796,0.1312,
78.942373,-0.0763,0.5735,0.7868,-0.0835,0.6873,-0.7389,0.2954,0.0882,0.1037,
78.952295,-0.0763,0.5735,0.7868,-0.0835,0.6873,-0.7389,0.1513,0.1468,0.0860,
78.956334,-0.0876,0.5845,0.7908,-0.0835,0.6873,-0.7389,0.1513,0.1468,0.0860,
78.958043,-0.0876,0.5845,0.7908,-0.1824,0.7523,-0.6734,0.1513,0.1468,0.0860,
78.962359,-0.0876,0.5845,0.7908,-0.1824,0.7523,-0.6734,0.0377,0.1682,0.0652,
78.972449,-0.0876,0.5845,0.7908,-0.1824,0.7523,-0.6734,-0.0069,0.1548,0.0524,
78.979983,-0.0941,0.5744,0.8612,-0.1824,0.7523,-0.6734,-0.0069,0.1548,0.0524,
78.981381,-0.0941,0.5744,0.8612,-0.2234,0.6451,0.0226,-0.0069,0.1548,0.0524,
78.982906,-0.0941,0.5744,0.8612,-0.2234,0.6451,0.0226,0.0089,0.1230,0.0517,
78.992307,-0.0941,0.5744,0.8612,-0.2234,0.6451,0.0226,0.0499,0.0674,0.0377,
78.996130,-0.1005,0.5894,0.9440,-0.2234,0.6451,0.0226,0.0499,0.0674,0.0377,
78.997227,-0.1005,0.5894,0.9440,-0.2741,0.7833,0.8406,0.0499,0.0674,0.0377,
79.002261,-0.1005,0.5894,0.9440,-0.2741,0.7833,0.8406,0.1079,0.0240,0.0090,
79.012244,-0.1005,0.5894,0.9440,-0.2741,0.7833,0.8406,0.1837,0.0240,-0.0063,
79.015986,-0.0976,0.5924,0.8755,-0.2741,0.7833,0.8406,0.1837,0.0240,-0.0063,
79.017133,-0.0976,0.5924,0.8755,-0.2400,0.7848,0.1865,0.1837,0.0240,-0.0063,
79.022654,-0.0976,0.5924,0.8755,-0.2400,0.7848,0.1865,0.2515,0.0357,0.0023,
79.032294,-0.0976,0.5924,0.8755,-0.2400,0.7848,0.1865,0.2667,0.0864,0.0188,
79.035695,-0.0735,0.5454,0.8438,-0.2400,0.7848,0.1865,0.2667,0.0864,0.0188,
79.036820,-0.0735,0.5454,0.8438,0.0058,0.2774,-0.0947,0.2667,0.0864,0.0188,
79.042264,-0.0735,0.5454,0.8438,0.0058,0.2774,-0.0947,0.2447,0.1114,0.0151,
79.052316,-0.0735,0.5454,0.8438,0.0058,0.2774,-0.0947,0.2130,0.0772,-0.0191,
79.056330,-0.0660,0.4952,0.8510,0.0058,0.2774,-0.0947,0.2130,0.0772,-0.0191,
79.058019,-0.0660,0.4952,0.8510,0.0961,-0.2536,0.0011,0.2130,0.0772,-0.0191,
79.062301,-0.0660,0.4952,0.8510,0.0961,-0.2536,0.0011,0.1794,0.0100,-0.0741,
79.072676,-0.0660,0.4952,0.8510,0.0961,-0.2536,0.0011,0.1446,-0.0712,-0.1871,
79.075916,-0.1032,0.5216,0.8192,0.0961,-0.2536,0.0011,0.1446,-0.0712,-0.1871,
79.077009,-0.1032,0.5216,0.8192,-0.2601,-0.0208,-0.2948,0.1446,-0.0712,-0.1871,
79.082323,-0.1032,0.5216,0.8192,-0.2601,-0.0208,-0.2948,0.1220,-0.1091,-0.2097,
79.092400,-0.1032,0.5216,0.8192,-0.2601,-0.0208,-0.2948,0.0902,-0.1763,-0.2018,
79.095890,-0.1522,0.5565,0.8155,-0.2601,-0.0208,-0.2948,0.0902,-0.1763,-0.2018,
79.096971,-0.1522,0.5565,0.8155,-0.7398,0.3055,-0.3207,0.0902,-0.1763,-0.2018,
79.102258,-0.1522,0.5565,0.8155,-0.7398,0.3055,-0.3207,0.0474,-0.2423,-0.1731,
79.112441,-0.1522,0.5565,0.8155,-0.7398,0.3055,-0.3207,0.0309,-0.2753,-0.1633,
79.116138,-0.1152,0.5297,0.8725,-0.7398,0.3055,-0.3207,0.0309,-0.2753,-0.1633,
79.117465,-0.1152,0.5297,0.8725,-0.3993,0.0372,0.2394,0.0309,-0.2753,-0.1633,
79.123194,-0.1152,0.5297,0.8725,-0.3993,0.0372,0.2394,0.0364,-0.3602,-0.1822,
79.132429,-0.1152,0.5297,0.8725,-0.3993,0.0372,0.2394,0.0480,-0.4561,-0.2042,
79.135984,-0.0848,0.5810,0.8721,-0.3993,0.0372,0.2394,0.0480,-0.4561,-0.2042,
79.137479,-0.0848,0.5810,0.8721,-0.1461,0.5343,0.2344,0.0480,-0.4561,-0.2042,
79.142562,-0.0848,0.5810,0.8721,-0.1461,0.5343,0.2344,0.0945,-0.4524,-0.2128,
79.152680,-0.0848,0.5810,0.8721,-0.1461,0.5343,0.2344,0.1763,-0.3730,-0.1847,
79.157595,-0.1136,0.5674,0.8496,-0.1461,0.5343,0.2344,0.1763,-0.3730,-0.1847,
79.159981,-0.1136,0.5674,0.8496,-0.4721,0.3797,0.0241,0.1763,-0.3730,-0.1847,
79.162704,-0.1136,0.5674,0.8496,-0.4721,0.3797,0.0241,0.2264,-0.2893,-0.1327,
79.173874,-0.1136,0.5674,0.8496,-0.4721,0.3797,0.0241,0.2234,-0.1995,-0.1138,
79.176833,-0.0827,0.5654,0.8027,-0.4721,0.3797,0.0241,0.2234,-0.1995,-0.1138,
79.178758,-0.0827,0.5654,0.8027,-0.1928,0.3219,-0.4131,0.2234,-0.1995,-0.1138,
79.182803,-0.0827,0.5654,0.8027,-0.1928,0.3219,-0.4131,0.1953,-0.1494,-0.1272,
79.193021,-0.0827,0.5654,0.8027,-0.1928,0.3219,-0.4131,0.1641,-0.1409,-0.1382,
79.196714,-0.0875,0.5806,0.7972,-0.1928,0.3219,-0.4131,0.1641,-0.1409,-0.1382,
79.198716,-0.0875,0.5806,0.7972,-0.2450,0.4392,-0.4477,0.1641,-0.1409,-0.1382,
79.203136,-0.0875,0.5806,0.7972,-0.2450,0.4392,-0.4477,0.1366,-0.0957,-0.1327,
79.213047,-0.0875,0.5806,0.7972,-0.2450,0.4392,-0.4477,0.1232,-0.0138,-0.1187,
79.216569,-0.0904,0.5603,0.8372,-0.2450,0.4392,-0.4477,0.1232,-0.0138,-0.1187,
79.218603,-0.0904,0.5603,0.8372,-0.2659,0.2179,-0.0401,0.1232,-0.0138,-0.1187,
79.224165,-0.0904,0.5603,0.8372,-0.2659,0.2179,-0.0401,0.1397,0.0650,-0.1126,
79.233109,-0.0904,0.5603,0.8372,-0.2659,0.2179,-0.0401,0.1818,0.1114,-0.1162,
79.236579,-0.1509,0.5803,0.8258,-0.2659,0.2179,-0.0401,0.1818,0.1114,-0.1162,
79.239586,-0.1509,0.5803,0.8258,-0.8257,0.3860,-0.1319,0.1818,0.1114,-0.1162,
79.244331,-0.1509,0.5803,0.8258,-0.8257,0.3860,-0.1319,0.2295,0.1261,-0.1162,
79.253150,-0.1509,0.5803,0.8258,-0.8257,0.3860,-0.1319,0.3187,-0.0829,0.1092,
79.258546,-0.2678,0.5769,0.7874,-0.8257,0.3860,-0.1319,0.3187,-0.0829,0.1092,
79.261670,-0.2678,0.5769,0.7874,-1.9486,0.3025,-0.4735,0.3187,-0.0829,0.1092,
79.264042,-0.2678,0.5769,0.7874,-1.9486,0.3025,-0.4735,0.3431,-0.3296,0.3065,
79.275391,-0.2678,0.5769,0.7874,-1.9486,0.3025,-0.4735,0.2820,-0.5483,0.4494,
79.278161,-0.2172,0.6146,0.8138,-1.9486,0.3025,-0.4735,0.2820,-0.5483,0.4494,
79.280211,-0.2172,0.6146,0.8138,-1.5347,0.6087,-0.1801,0.2820,-0.5483,0.4494,
79.283100,-0.2172,0.6146,0.8138,-1.5347,0.6087,-0.1801,0.1873,-0.6155,0.5172,
79.293105,-0.2172,0.6146,0.8138,-1.5347,0.6087,-0.1801,0.1604,-0.4689,0.4928,
79.296610,-0.0878,0.6295,0.9118,-1.5347,0.6087,-0.1801,0.1604,-0.4689,0.4928,
79.298605,-0.0878,0.6295,0.9118,-0.3869,0.7168,0.7974,0.1604,-0.4689,0.4928,
79.302996,-0.0878,0.6295,0.9118,-0.3869,0.7168,0.7974,0.1830,-0.3083,0.4329,
79.313050,-0.0878,0.6295,0.9118,-0.3869,0.7168,0.7974,0.1977,-0.2777,0.3920,
79.316604,-0.0581,0.6191,0.8294,-0.3869,0.7168,0.7974,0.1977,-0.2777,0.3920,
79.318795,-0.0581,0.6191,0.8294,-0.1718,0.5761,0.0127,0.1977,-0.2777,0.3920,
79.325680,-0.0581,0.6191,0.8294,-0.1718,0.5761,0.0127,0.2056,-0.2838,0.3663,
79.333139,-0.0581,0.6191,0.8294,-0.1718,0.5761,0.0127,0.2020,-0.2771,0.3560,
79.336784,-0.0228,0.5949,0.7687,-0.1718,0.5761,0.0127,0.2020,-0.2771,0.3560,
79.339538,-0.0228,0.5949,0.7687,0.1002,0.2988,-0.5581,0.2020,-0.2771,0.3560,
79.345506,-0.0228,0.5949,0.7687,0.1002,0.2988,-0.5581,0.1751,-0.2887,0.3511,
79.353101,-0.0228,0.5949,0.7687,0.1002,0.2988,-0.5581,0.1238,-0.2973,0.3211,
79.357493,0.0341,0.5745,0.7497,0.1002,0.2988,-0.5581,0.1238,-0.2973,0.3211,
79.359345,0.0341,0.5745,0.7497,0.5784,0.0688,-0.7271,0.1238,-0.2973,0.3211,
79.364390,0.0341,0.5745,0.7497,0.5784,0.0688,-0.7271,0.0645,-0.2777,0.2607,
79.373962,0.0341,0.5745,0.7497,0.5784,0.0688,-0.7271,0.0151,-0.2508,0.1867,
79.377504,0.0353,0.5913,0.8221,0.5784,0.0688,-0.7271,0.0151,-0.2508,0.1867,
79.379033,0.0353,0.5913,0.8221,0.5243,0.2240,-0.0120,0.0151,-0.2508,0.1867,
79.382642,0.0353,0.5913,0.8221,0.5243,0.2240,-0.0120,-0.0198,-0.1855,0.1177,
79.392813,0.0353,0.5913,0.8221,0.5243,0.2240,-0.0120,-0.0228,-0.0743,0.0554,
79.396293,-0.0325,0.6078,0.8780,0.5243,0.2240,-0.0120,-0.0228,-0.0743,0.0554,
79.398565,-0.0325,0.6078,0.8780,-0.1688,0.3870,0.5347,-0.0228,-0.0743,0.0554,
79.402658,-0.0325,0.6078,0.8780,-0.1688,0.3870,0.5347,0.0151,-0.0285,0.0145,
79.412659,-0.0325,0.6078,0.8780,-0.1688,0.3870,0.5347,0.0554,-0.1409,0.0023,
79.416229,-0.0822,0.6082,0.8541,-0.1688,0.3870,0.5347,0.0554,-0.1409,0.0023,
79.417769,-0.0822,0.6082,0.8541,-0.6670,0.3832,0.3050,0.0554,-0.1409,0.0023,
79.424496,-0.0822,0.6082,0.8541,-0.6670,0.3832,0.3050,0.0590,-0.3419,0.0163,
79.432766,-0.0822,0.6082,0.8541,-0.6670,0.3832,0.3050,0.0334,-0.5129,0.0298,
79.436642,-0.0233,0.6072,0.8309,-0.6670,0.3832,0.3050,0.0334,-0.5129,0.0298,
79.439324,-0.0233,0.6072,0.8309,-0.1577,0.3642,0.0832,0.0334,-0.5129,0.0298,
79.444562,-0.0233,0.6072,0.8309,-0.1577,0.3642,0.0832,-0.0369,-0.5465,0.0035,
79.453101,-0.0233,0.6072,0.8309,-0.1577,0.3642,0.0832,-0.0943,-0.4665,-0.0319,
79.459085,0.0326,0.6179,0.8216,-0.1577,0.3642,0.0832,-0.0943,-0.4665,-0.0319,
79.462218,0.0326,0.6179,0.8216,0.3128,0.4766,-0.0138,-0.0943,-0.4665,-0.0319,
79.464461,0.0326,0.6179,0.8216,0.3128,0.4766,-0.0138,-0.1285,-0.4121,-0.1028,
79.474252,0.0326,0.6179,0.8216,0.3128,0.4766,-0.0138,-0.0326,-0.4616,-0.1688,
79.477335,0.0430,0.6356,0.8495,0.3128,0.4766,-0.0138,-0.0326,-0.4616,-0.1688,
79.479794,0.0430,0.6356,0.8495,0.3600,0.6605,0.2522,-0.0326,-0.4616,-0.1688,
79.483046,0.0430,0.6356,0.8495,0.3600,0.6605,0.2522,0.0450,-0.4463,-0.1810,
79.494961,0.0430,0.6356,0.8495,0.3600,0.6605,0.2522,0.0700,-0.3993,-0.2073,
79.498253,0.0436,0.6147,0.8146,0.3600,0.6605,0.2522,0.0700,-0.3993,-0.2073,
79.500147,0.0436,0.6147,0.8146,0.3196,0.4434,-0.0799,0.0700,-0.3993,-0.2073,
79.502369,0.0436,0.6147,0.8146,0.3196,0.4434,-0.0799,0.0541,-0.4011,-0.2726,
79.512271,0.0436,0.6147,0.8146,0.3196,0.4434,-0.0799,-0.0167,-0.3449,-0.3349,
79.516003,0.0249,0.6176,0.7825,0.3196,0.4434,-0.0799,-0.0167,-0.3449,-0.3349,
79.517411,0.0249,0.6176,0.7825,0.1103,0.4644,-0.3890,-0.0167,-0.3449,-0.3349,
79.523031,0.0249,0.6176,0.7825,0.1103,0.4644,-0.3890,-0.1279,-0.1794,-0.3740,
79.532365,0.0249,0.6176,0.7825,0.1103,0.4644,-0.3890,-0.2482,0.0143,-0.3930,
79.535887,-0.0161,0.6135,0.8206,0.1103,0.4644,-0.3890,-0.2482,0.0143,-0.3930,
79.537995,-0.0161,0.6135,0.8206,-0.2624,0.4485,-0.0331,-0.2482,0.0143,-0.3930,
79.542641,-0.0161,0.6135,0.8206,-0.2624,0.4485,-0.0331,-0.3234,0.1022,-0.3716,
79.552375,-0.0161,0.6135,0.8206,-0.2624,0.4485,-0.0331,-0.3399,0.1090,-0.2964,
79.557467,-0.1120,0.6269,0.9138,-0.2624,0.4485,-0.0331,-0.3399,0.1090,-0.2964,
79.558768,-0.1120,0.6269,0.9138,-1.1441,0.6292,0.8462,-0.3399,0.1090,-0.2964,
79.562276,-0.1120,0.6269,0.9138,-1.1441,0.6292,0.8462,-0.3044,0.0491,-0.1895,
79.574445,-0.1120,0.6269,0.9138,-1.1441,0.6292,0.8462,-0.2372,-0.0523,-0.0515,
79.577088,-0.1047,0.6629,0.9124,-1.1441,0.6292,0.8462,-0.2372,-0.0523,-0.0515,
79.578363,-0.1047,0.6629,0.9124,-1.0515,1.0246,0.8032,-0.2372,-0.0523,-0.0515,
79.582327,-0.1047,0.6629,0.9124,-1.0515,1.0246,0.8032,-0.1560,-0.1030,0.1024,
79.592586,-0.1047,0.6629,0.9124,-1.0515,1.0246,0.8032,-0.0668,-0.0743,0.2216,
79.596056,-0.0051,0.6152,0.8888,-1.0515,1.0246,0.8032,-0.0668,-0.0743,0.2216,
79.597319,-0.0051,0.6152,0.8888,-0.0995,0.5682,0.5644,-0.0668,-0.0743,0.2216,
79.602336,-0.0051,0.6152,0.8888,-0.0995,0.5682,0.5644,0.0151,0.0173,0.2790,
79.612349,-0.0051,0.6152,0.8888,-0.0995,0.5682,0.5644,0.0749,0.1346,0.2857,
79.615963,0.0480,0.6005,0.8310,-0.0995,0.5682,0.5644,0.0749,0.1346,0.2857,
79.617052,0.0480,0.6005,0.8310,0.4049,0.4144,0.0051,0.0749,0.1346,0.2857,
79.625703,0.0480,0.6005,0.8310,0.4049,0.4144,0.0051,0.0658,0.1762,0.2106,
79.632489,0.0480,0.6005,0.8310,0.4049,0.4144,0.0051,-0.0344,0.1151,0.1501,
79.635900,0.0053,0.6078,0.7641,0.4049,0.4144,0.0051,-0.0344,0.1151,0.1501,
79.636955,0.0053,0.6078,0.7641,-0.0081,0.4783,-0.6456,-0.0344,0.1151,0.1501,
79.642378,0.0053,0.6078,0.7641,-0.0081,0.4783,-0.6456,-0.1664,0.0418,0.1092,
79.652458,0.0053,0.6078,0.7641,-0.0081,0.4783,-0.6456,-0.2727,0.0143,0.1086,
79.658148,-0.0518,0.6130,0.7949,-0.0081,0.4783,-0.6456,-0.2727,0.0143,0.1086,
79.659727,-0.0518,0.6130,0.7949,-0.5702,0.5572,-0.3631,-0.2727,0.0143,0.1086,
79.662323,-0.0518,0.6130,0.7949,-0.5702,0.5572,-0.3631,-0.3215,0.1041,0.1452,
79.673291,-0.0518,0.6130,0.7949,-0.5702,0.5572,-0.3631,-0.3234,0.3160,0.1947,
79.676127,-0.0344,0.6236,0.8740,-0.5702,0.5572,-0.3631,-0.3234,0.3160,0.1947,
79.677219,-0.0344,0.6236,0.8740,-0.3798,0.7071,0.3821,-0.3234,0.3160,0.1947,
79.682403,-0.0344,0.6236,0.8740,-0.3798,0.7071,0.3821,-0.2751,0.5738,0.2332,
79.692372,-0.0344,0.6236,0.8740,-0.3798,0.7071,0.3821,-0.1871,0.7357,0.2289,
79.695961,0.0097,0.6097,0.9036,-0.3798,0.7071,0.3821,-0.1871,0.7357,0.2289,
79.697133,0.0097,0.6097,0.9036,0.1361,0.6036,0.6501,-0.1871,0.7357,0.2289,
79.702374,0.0097,0.6097,0.9036,0.1361,0.6036,0.6501,-0.1010,0.7473,0.1874,
79.712305,0.0097,0.6097,0.9036,0.1361,0.6036,0.6501,-0.0436,0.6099,0.1501,
79.715874,-0.0164,0.5733,0.8678,0.1361,0.6036,0.6501,-0.0436,0.6099,0.1501,
79.716794,-0.0164,0.5733,0.8678,-0.0254,0.2552,0.2949,-0.0436,0.6099,0.1501,
79.723456,-0.0164,0.5733,0.8678,-0.0254,0.2552,0.2949,-0.0051,0.4089,0.1281,
79.732385,-0.0164,0.5733,0.8678,-0.0254,0.2552,0.2949,0.0144,0.2605,0.1251,
79.736001,-0.0650,0.5591,0.8727,-0.0254,0.2552,0.2949,0.0144,0.2605,0.1251,
79.737038,-0.0650,0.5591,0.8727,-0.4597,0.1135,0.3454,0.0144,0.2605,0.1251,
79.742445,-0.0650,0.5591,0.8727,-0.4597,0.1135,0.3454,0.0193,0.2043,0.1342,
79.752366,-0.0650,0.5591,0.8727,-0.4597,0.1135,0.3454,0.0315,0.2116,0.1678,
79.757357,-0.0662,0.5716,0.9099,-0.4597,0.1135,0.3454,0.0315,0.2116,0.1678,
79.758964,-0.0662,0.5716,0.9099,-0.4524,0.2302,0.7145,0.0315,0.2116,0.1678,
79.762332,-0.0662,0.5716,0.9099,-0.4524,0.2302,0.7145,0.0774,0.2098,0.2020,
79.773482,-0.0662,0.5716,0.9099,-0.4524,0.2302,0.7145,0.1378,0.1358,0.2271,
79.776396,-0.0614,0.5849,0.8123,-0.4524,0.2302,0.7145,0.1378,0.1358,0.2271,
79.777619,-0.0614,0.5849,0.8123,-0.3982,0.3409,-0.2287,0.1378,0.1358,0.2271,
79.782383,-0.0614,0.5849,0.8123,-0.3982,0.3409,-0.2287,0.1397,0.0363,0.2509,
79.792751,-0.0614,0.5849,0.8123,-0.3982,0.3409,-0.2287,0.0645,-0.0627,0.2723,
79.796265,-0.0120,0.6241,0.7898,-0.3982,0.3409,-0.2287,0.0645,-0.0627,0.2723,
79.797430,-0.0120,0.6241,0.7898,0.0582,0.7042,-0.4359,0.0645,-0.0627,0.2723,
79.802432,-0.0120,0.6241,0.7898,0.0582,0.7042,-0.4359,-0.0302,-0.0981,0.2295,
79.812298,-0.0120,0.6241,0.7898,0.0582,0.7042,-0.4359,-0.1157,0.1090,0.2014,
79.816387,0.0260,0.6056,0.8193,0.0582,0.7042,-0.4359,-0.1157,0.1090,0.2014,
79.817653,0.0260,0.6056,0.8193,0.4084,0.5307,-0.1526,-0.1157,0.1090,0.2014,
79.823353,0.0260,0.6056,0.8193,0.4084,0.5307,-0.1526,-0.1102,0.2452,0.1904,
79.832375,0.0260,0.6056,0.8193,0.4084,0.5307,-0.1526,-0.1242,0.3319,0.1996,
79.835901,0.0045,0.5988,0.8226,0.4084,0.5307,-0.1526,-0.1242,0.3319,0.1996,
79.836997,0.0045,0.5988,0.8226,0.2232,0.4777,-0.1290,-0.1242,0.3319,0.1996,
79.843020,0.0045,0.5988,0.8226,0.2232,0.4777,-0.1290,-0.1841,0.3222,0.1929,
79.852403,0.0045,0.5988,0.8226,0.2232,0.4777,-0.1290,-0.2470,0.2122,0.1538,
79.857068,0.0068,0.5557,0.8564,0.2232,0.4777,-0.1290,-0.2470,0.2122,0.1538,
79.858962,0.0068,0.5557,0.8564,0.2696,0.0866,0.1825,-0.2470,0.2122,0.1538,
79.862547,0.0068,0.5557,0.8564,0.2696,0.0866,0.1825,-0.2641,0.0638,0.1024,
79.872999,0.0068,0.5557,0.8564,0.2696,0.0866,0.1825,-0.2244,-0.0450,0.0456,
79.876526,-0.0206,0.5369,0.9267,0.2696,0.0866,0.1825,-0.2244,-0.0450,0.0456,
79.877894,-0.0206,0.5369,0.9267,-0.0068,-0.0587,0.8453,-0.2244,-0.0450,0.0456,
79.882339,-0.0206,0.5369,0.9267,-0.0068,-0.0587,0.8453,-0.1316,-0.0566,0.0200,
79.892575,-0.0206,0.5369,0.9267,-0.0068,-0.0587,0.8453,0.0041,0.0277,0.0426,
79.896260,-0.0209,0.5811,0.9682,-0.0068,-0.0587,0.8453,0.0041,0.0277,0.0426,
79.897368,-0.0209,0.5811,0.9682,-0.0153,0.3850,1.2455,0.0041,0.0277,0.0426,
79.902485,-0.0209,0.5811,0.9682,-0.0153,0.3850,1.2455,0.1354,0.1230,0.0658,
79.912370,-0.0209,0.5811,0.9682,-0.0153,0.3850,1.2455,0.2172,0.1829,0.0756,
79.915985,0.0144,0.5828,0.9031,-0.0153,0.3850,1.2455,0.2172,0.1829,0.0756,
79.917030,0.0144,0.5828,0.9031,0.3472,0.3727,0.6266,0.2172,0.1829,0.0756,
79.923557,0.0144,0.5828,0.9031,0.3472,0.3727,0.6266,0.2435,0.1694,0.0609,
79.932323,0.0144,0.5828,0.9031,0.3472,0.3727,0.6266,0.2594,0.0748,0.0163,
79.936029,0.0683,0.5470,0.8178,0.3472,0.3727,0.6266,0.2594,0.0748,0.0163,
79.936976,0.0683,0.5470,0.8178,0.8869,-0.0192,-0.1818,0.2594,0.0748,0.0163,
79.942316,0.0683,0.5470,0.8178,0.8869,-0.0192,-0.1818,0.2698,-0.0260,-0.0490,
79.952301,0.0683,0.5470,0.8178,0.8869,-0.0192,-0.1818,0.2521,-0.0615,-0.1395,
79.957468,0.0617,0.5780,0.7980,0.8869,-0.0192,-0.1818,0.2521,-0.0615,-0.1395,
79.959078,0.0617,0.5780,0.7980,0.8185,0.2420,-0.3475,0.2521,-0.0615,-0.1395,
79.962346,0.0617,0.5780,0.7980,0.8185,0.2420,-0.3475,0.2008,-0.0126,-0.2390,
79.973570,0.0617,0.5780,0.7980,0.8185,0.2420,-0.3475,0.1177,0.0473,-0.3178,
79.976031,-0.0314,0.6124,0.7834,0.8185,0.2420,-0.3475,0.1177,0.0473,-0.3178,
79.977137,-0.0314,0.6124,0.7834,-0.0650,0.5514,-0.4724,0.1177,0.0473,-0.3178,
79.982373,-0.0314,0.6124,0.7834,-0.0650,0.5514,-0.4724,0.0279,-0.0034,-0.3643,
79.992390,-0.0314,0.6124,0.7834,-0.0650,0.5514,-0.4724,-0.1193,-0.1879,-0.3643,
79.995828,-0.0647,0.5998,0.8138,-0.0650,0.5514,-0.4724,-0.1193,-0.1879,-0.3643,
79.999188,-0.0647,0.5998,0.8138,-0.3697,0.4349,-0.1782,-0.1193,-0.1879,-0.3643,
80.002303,-0.0647,0.5998,0.8138,-0.3697,0.4349,-0.1782,-0.1297,-0.2527,-0.3465,
80.012369,-0.0647,0.5998,0.8138,-0.3697,0.4349,-0.1782,-0.1010,-0.2527,-0.3233,
80.016019,-0.0672,0.6065,0.8415,-0.3697,0.4349,-0.1782,-0.1010,-0.2527,-0.3233,
80.017327,-0.0672,0.6065,0.8415,-0.3987,0.5185,0.0816,-0.1010,-0.2527,-0.3233,
80.025028,-0.0672,0.6065,0.8415,-0.3987,0.5185,0.0816,-0.0625,-0.2124,-0.2964,
80.032347,-0.0672,0.6065,0.8415,-0.3987,0.5185,0.0816,-0.0271,-0.2007,-0.2757,
80.035829,-0.0655,0.6273,0.7815,-0.3987,0.5185,0.0816,-0.0271,-0.2007,-0.2757,
80.037081,-0.0655,0.6273,0.7815,-0.3833,0.7256,-0.5086,-0.0271,-0.2007,-0.2757,
80.043799,-0.0655,0.6273,0.7815,-0.3833,0.7256,-0.5086,-0.0589,-0.2032,-0.2720,
80.052226,-0.0655,0.6273,0.7815,-0.3833,0.7256,-0.5086,-0.1615,-0.2551,-0.2891,
80.060330,-0.0617,0.6049,0.7234,-0.3833,0.7256,-0.5086,-0.1615,-0.2551,-0.2891,
80.061875,-0.0617,0.6049,0.7234,-0.3495,0.5147,-1.0840,-0.1615,-0.2551,-0.2891,
80.063450,-0.0617,0.6049,0.7234,-0.3495,0.5147,-1.0840,-0.2928,-0.3877,-0.3160,
80.075859,-0.0617,0.6049,0.7234,-0.3495,0.5147,-1.0840,-0.4455,-0.4976,-0.3062,
80.077194,-0.0829,0.5931,0.7784,-0.3495,0.5147,-1.0840,-0.4455,-0.4976,-0.3062,
80.077977,-0.0829,0.5931,0.7784,-0.5967,0.4581,-0.5855,-0.4455,-0.4976,-0.3062,
80.092628,-0.0829,0.5931,0.7784,-0.5967,0.4581,-0.5855,-0.6630,-0.5526,-0.1847,
80.096018,-0.0905,0.6274,0.8367,-0.5967,0.4581,-0.5855,-0.6630,-0.5526,-0.1847,
80.096902,-0.0905,0.6274,0.8367,-0.7215,0.8734,-0.0654,-0.6630,-0.5526,-0.1847,
80.102104,-0.0905,0.6274,0.8367,-0.7215,0.8734,-0.0654,-0.6948,-0.5019,-0.1407,
80.112119,-0.0905,0.6274,0.8367,-0.7215,0.8734,-0.0654,-0.6380,-0.4274,-0.1169,
80.115736,-0.0761,0.5907,0.9122,-0.7215,0.8734,-0.0654,-0.6380,-0.4274,-0.1169,
80.116655,-0.0761,0.5907,0.9122,-0.6316,0.6115,0.6124,-0.6380,-0.4274,-0.1169,
80.123728,-0.0761,0.5907,0.9122,-0.6316,0.6115,0.6124,-0.5140,-0.3217,-0.0820,
80.132265,-0.0761,0.5907,0.9122,-0.6316,0.6115,0.6124,-0.3961,-0.1898,-0.0313,
80.136242,-0.0209,0.5184,0.8743,-0.6316,0.6115,0.6124,-0.3961,-0.1898,-0.0313,
80.137733,-0.0209,0.5184,0.8743,-0.1191,-0.0296,0.1980,-0.3961,-0.1898,-0.0313,
80.142715,-0.0209,0.5184,0.8743,-0.1191,-0.0296,0.1980,-0.3154,-0.1348,-0.0191,
80.152664,-0.0209,0.5184,0.8743,-0.1191,-0.0296,0.1980,-0.2684,-0.1531,-0.0490,
80.158498,0.0269,0.4962,0.9177,-0.1191,-0.0296,0.1980,-0.2684,-0.1531,-0.0490,
80.160522,0.0269,0.4962,0.9177,0.3313,-0.2015,0.5962,-0.2684,-0.1531,-0.0490,
80.163052,0.0269,0.4962,0.9177,0.3313,-0.2015,0.5962,-0.2714,-0.1244,-0.0796,
80.178194,0.0269,0.4962,0.9177,0.3313,-0.2015,0.5962,-0.2232,-0.3657,-0.2066,
80.180477,0.0520,0.5565,0.9703,0.3313,-0.2015,0.5962,-0.2232,-0.3657,-0.2066,
80.181728,0.0520,0.5565,0.9703,0.5514,0.4303,1.0865,-0.2232,-0.3657,-0.2066,
80.183070,0.0520,0.5565,0.9703,0.5514,0.4303,1.0865,-0.1230,-0.3553,-0.2134,
80.193345,0.0520,0.5565,0.9703,0.5514,0.4303,1.0865,-0.0882,-0.2130,-0.1236,
80.196916,0.0437,0.5458,0.9714,0.5514,0.4303,1.0865,-0.0882,-0.2130,-0.1236,
80.198752,0.0437,0.5458,0.9714,0.4388,0.3423,1.0868,-0.0882,-0.2130,-0.1236,
80.202255,0.0437,0.5458,0.9714,0.4388,0.3423,1.0868,-0.0595,-0.1879,-0.1077,
80.212233,0.0437,0.5458,0.9714,0.4388,0.3423,1.0868,0.0603,-0.1329,-0.1364,
80.215922,-0.0171,0.5524,1.0282,0.4388,0.3423,1.0868,0.0603,-0.1329,-0.1364,
80.216835,-0.0171,0.5524,1.0282,-0.1721,0.4072,1.6433,0.0603,-0.1329,-0.1364,
80.223427,-0.0171,0.5524,1.0282,-0.1721,0.4072,1.6433,0.2160,0.0332,-0.1077,
80.232349,-0.0171,0.5524,1.0282,-0.1721,0.4072,1.6433,0.3077,0.2073,-0.0344,
80.235867,-0.0448,0.5722,0.9772,-0.1721,0.4072,1.6433,0.3077,0.2073,-0.0344,
80.236880,-0.0448,0.5722,0.9772,-0.4159,0.5577,1.1701,0.3077,0.2073,-0.0344,
80.242293,-0.0448,0.5722,0.9772,-0.4159,0.5577,1.1701,0.3865,0.3063,0.0395,
80.252266,-0.0448,0.5722,0.9772,-0.4159,0.5577,1.1701,0.4891,0.3918,0.1049,
80.258232,0.0009,0.5791,0.9185,-0.4159,0.5577,1.1701,0.4891,0.3918,0.1049,
80.259778,0.0009,0.5791,0.9185,0.0829,0.5532,0.6387,0.4891,0.3918,0.1049,
80.262193,0.0009,0.5791,0.9185,0.0829,0.5532,0.6387,0.5337,0.5109,0.1586,
80.273904,0.0009,0.5791,0.9185,0.0829,0.5532,0.6387,0.4213,0.5378,0.1782,
